01:50:40 ->GaborKenel|变量变更 ―>

[array([[-1.0021884e-03,  4.8820116e-02, -3.3444563e-01,  6.2002826e-01,
        -3.3444563e-01,  4.8820116e-02, -1.0021884e-03],
       [-1.8723345e-03,  9.1207989e-02, -6.2482661e-01,  1.1583652e+00,
        -6.2482661e-01,  9.1207989e-02, -1.8723345e-03],
       [-2.7242308e-03,  1.3270685e-01, -9.0911740e-01,  1.6854115e+00,
        -9.0911740e-01,  1.3270685e-01, -2.7242308e-03],
       [-3.0869576e-03,  1.5037656e-01, -1.0301651e+00,  1.9098214e+00,
        -1.0301651e+00,  1.5037656e-01, -3.0869576e-03],
       [-2.7242308e-03,  1.3270685e-01, -9.0911740e-01,  1.6854115e+00,
        -9.0911740e-01,  1.3270685e-01, -2.7242308e-03],
       [-1.8723345e-03,  9.1207989e-02, -6.2482661e-01,  1.1583652e+00,
        -6.2482661e-01,  9.1207989e-02, -1.8723345e-03],
       [-1.0021884e-03,  4.8820116e-02, -3.3444563e-01,  6.2002826e-01,
        -3.3444563e-01,  4.8820116e-02, -1.0021884e-03]], dtype=float32), array([[-2.65353247e-05, -3.95824842e-04,  1.92820169e-02,
        -1.32092789e-01,  2.44886637e-01, -1.32092789e-01,
         1.92820169e-02, -3.95824842e-04, -2.65353247e-05],
       [-6.36549375e-05, -9.49534355e-04,  4.62551527e-02,
        -3.16874146e-01,  5.87452531e-01, -3.16874146e-01,
         4.62551527e-02, -9.49534355e-04, -6.36549375e-05],
       [-1.18923075e-04, -1.77396368e-03,  8.64160061e-02,
        -5.91998816e-01,  1.09750581e+00, -5.91998816e-01,
         8.64160061e-02, -1.77396368e-03, -1.18923075e-04],
       [-1.73032051e-04, -2.58110208e-03,  1.25734553e-01,
        -8.61353219e-01,  1.59686148e+00, -8.61353219e-01,
         1.25734553e-01, -2.58110208e-03, -1.73032051e-04],
       [-1.96071007e-04, -2.92477175e-03,  1.42475903e-01,
        -9.76041079e-01,  1.80948114e+00, -9.76041079e-01,
         1.42475903e-01, -2.92477175e-03, -1.96071007e-04],
       [-1.73032051e-04, -2.58110208e-03,  1.25734553e-01,
        -8.61353219e-01,  1.59686148e+00, -8.61353219e-01,
         1.25734553e-01, -2.58110208e-03, -1.73032051e-04],
       [-1.18923075e-04, -1.77396368e-03,  8.64160061e-02,
        -5.91998816e-01,  1.09750581e+00, -5.91998816e-01,
         8.64160061e-02, -1.77396368e-03, -1.18923075e-04],
       [-6.36549375e-05, -9.49534355e-04,  4.62551527e-02,
        -3.16874146e-01,  5.87452531e-01, -3.16874146e-01,
         4.62551527e-02, -9.49534355e-04, -6.36549375e-05],
       [-2.65353247e-05, -3.95824842e-04,  1.92820169e-02,
        -1.32092789e-01,  2.44886637e-01, -1.32092789e-01,
         1.92820169e-02, -3.95824842e-04, -2.65353247e-05]], dtype=float32), array([[ 2.09553505e-07, -8.46232524e-06, -1.26231651e-04,
         6.14918722e-03, -4.21254374e-02,  7.80962855e-02,
        -4.21254374e-02,  6.14918722e-03, -1.26231651e-04,
        -8.46232524e-06,  2.09553505e-07],
       [ 6.45470209e-07, -2.60657944e-05, -3.88820888e-04,
         1.89408306e-02, -1.29755482e-01,  2.40553483e-01,
        -1.29755482e-01,  1.89408306e-02, -3.88820888e-04,
        -2.60657944e-05,  6.45470209e-07],
       [ 1.54840268e-06, -6.25285902e-05, -9.32732772e-04,
         4.54366915e-02, -3.11267197e-01,  5.77057838e-01,
        -3.11267197e-01,  4.54366915e-02, -9.32732772e-04,
        -6.25285902e-05,  1.54840268e-06],
       [ 2.89279683e-06, -1.16818788e-04, -1.74257427e-03,
         8.48869160e-02, -5.81523657e-01,  1.07808602e+00,
        -5.81523657e-01,  8.48869160e-02, -1.74257427e-03,
        -1.16818788e-04,  2.89279683e-06],
       [ 4.20899505e-06, -1.69970343e-04, -2.53543071e-03,
         1.23509735e-01, -8.46112013e-01,  1.56860578e+00,
        -8.46112013e-01,  1.23509735e-01, -2.53543071e-03,
        -1.69970343e-04,  4.20899505e-06],
       [ 4.76941614e-06, -1.92601627e-04, -2.87301932e-03,
         1.39954865e-01, -9.58770514e-01,  1.77746320e+00,
        -9.58770514e-01,  1.39954865e-01, -2.87301932e-03,
        -1.92601627e-04,  4.76941614e-06],
       [ 4.20899505e-06, -1.69970343e-04, -2.53543071e-03,
         1.23509735e-01, -8.46112013e-01,  1.56860578e+00,
        -8.46112013e-01,  1.23509735e-01, -2.53543071e-03,
        -1.69970343e-04,  4.20899505e-06],
       [ 2.89279683e-06, -1.16818788e-04, -1.74257427e-03,
         8.48869160e-02, -5.81523657e-01,  1.07808602e+00,
        -5.81523657e-01,  8.48869160e-02, -1.74257427e-03,
        -1.16818788e-04,  2.89279683e-06],
       [ 1.54840268e-06, -6.25285902e-05, -9.32732772e-04,
         4.54366915e-02, -3.11267197e-01,  5.77057838e-01,
        -3.11267197e-01,  4.54366915e-02, -9.32732772e-04,
        -6.25285902e-05,  1.54840268e-06],
       [ 6.45470209e-07, -2.60657944e-05, -3.88820888e-04,
         1.89408306e-02, -1.29755482e-01,  2.40553483e-01,
        -1.29755482e-01,  1.89408306e-02, -3.88820888e-04,
        -2.60657944e-05,  6.45470209e-07],
       [ 2.09553505e-07, -8.46232524e-06, -1.26231651e-04,
         6.14918722e-03, -4.21254374e-02,  7.80962855e-02,
        -4.21254374e-02,  6.14918722e-03, -1.26231651e-04,
        -8.46232524e-06,  2.09553505e-07]], dtype=float32), array([[-2.86717844e-10,  5.27483479e-08, -2.13011754e-06,
        -3.17747545e-05,  1.54785998e-03, -1.06037213e-02,
         1.96582247e-02, -1.06037213e-02,  1.54785998e-03,
        -3.17747545e-05, -2.13011754e-06,  5.27483479e-08,
        -2.86717844e-10],
       [-1.13399101e-09,  2.08623760e-07, -8.42477948e-06,
        -1.25671591e-04,  6.12190459e-03, -4.19385321e-02,
         7.77497888e-02, -4.19385321e-02,  6.12190459e-03,
        -1.25671591e-04, -8.42477948e-06,  2.08623760e-07,
        -1.13399101e-09],
       [-3.49293838e-09,  6.42606381e-07, -2.59501467e-05,
        -3.87095788e-04,  1.88567936e-02, -1.29179776e-01,
         2.39486203e-01, -1.29179776e-01,  1.88567936e-02,
        -3.87095788e-04, -2.59501467e-05,  6.42606381e-07,
        -3.49293838e-09],
       [-8.37912406e-09,  1.54153270e-06, -6.22511652e-05,
        -9.28594440e-04,  4.52350974e-02, -3.09886187e-01,
         5.74497521e-01, -3.09886187e-01,  4.52350974e-02,
        -9.28594440e-04, -6.22511652e-05,  1.54153270e-06,
        -8.37912406e-09],
       [-1.56542654e-08,  2.87996204e-06, -1.16300485e-04,
        -1.73484278e-03,  8.45102891e-02, -5.78943551e-01,
         1.07330275e+00, -5.78943551e-01,  8.45102891e-02,
        -1.73484278e-03, -1.16300485e-04,  2.87996204e-06,
        -1.56542654e-08],
       [-2.27768204e-08,  4.19032040e-06, -1.69216219e-04,
        -2.52418150e-03,  1.22961745e-01, -8.42357934e-01,
         1.56164622e+00, -8.42357934e-01,  1.22961745e-01,
        -2.52418150e-03, -1.69216219e-04,  4.19032040e-06,
        -2.27768204e-08],
       [-2.58095181e-08,  4.74825492e-06, -1.91747080e-04,
        -2.86027230e-03,  1.39333904e-01, -9.54516649e-01,
         1.76957703e+00, -9.54516649e-01,  1.39333904e-01,
        -2.86027230e-03, -1.91747080e-04,  4.74825492e-06,
        -2.58095181e-08],
       [-2.27768204e-08,  4.19032040e-06, -1.69216219e-04,
        -2.52418150e-03,  1.22961745e-01, -8.42357934e-01,
         1.56164622e+00, -8.42357934e-01,  1.22961745e-01,
        -2.52418150e-03, -1.69216219e-04,  4.19032040e-06,
        -2.27768204e-08],
       [-1.56542654e-08,  2.87996204e-06, -1.16300485e-04,
        -1.73484278e-03,  8.45102891e-02, -5.78943551e-01,
         1.07330275e+00, -5.78943551e-01,  8.45102891e-02,
        -1.73484278e-03, -1.16300485e-04,  2.87996204e-06,
        -1.56542654e-08],
       [-8.37912406e-09,  1.54153270e-06, -6.22511652e-05,
        -9.28594440e-04,  4.52350974e-02, -3.09886187e-01,
         5.74497521e-01, -3.09886187e-01,  4.52350974e-02,
        -9.28594440e-04, -6.22511652e-05,  1.54153270e-06,
        -8.37912406e-09],
       [-3.49293838e-09,  6.42606381e-07, -2.59501467e-05,
        -3.87095788e-04,  1.88567936e-02, -1.29179776e-01,
         2.39486203e-01, -1.29179776e-01,  1.88567936e-02,
        -3.87095788e-04, -2.59501467e-05,  6.42606381e-07,
        -3.49293838e-09],
       [-1.13399101e-09,  2.08623760e-07, -8.42477948e-06,
        -1.25671591e-04,  6.12190459e-03, -4.19385321e-02,
         7.77497888e-02, -4.19385321e-02,  6.12190459e-03,
        -1.25671591e-04, -8.42477948e-06,  2.08623760e-07,
        -1.13399101e-09],
       [-2.86717844e-10,  5.27483479e-08, -2.13011754e-06,
        -3.17747545e-05,  1.54785998e-03, -1.06037213e-02,
         1.96582247e-02, -1.06037213e-02,  1.54785998e-03,
        -3.17747545e-05, -2.13011754e-06,  5.27483479e-08,
        -2.86717844e-10]], dtype=float32), array([[ 8.7079879e-14, -5.6408843e-11,  1.0377704e-08, -4.1907913e-07,
        -6.2513623e-06,  3.0452581e-04, -2.0861751e-03,  3.8675570e-03,
        -2.0861751e-03,  3.0452581e-04, -6.2513623e-06, -4.1907913e-07,
         1.0377704e-08, -5.6408843e-11,  8.7079879e-14],
       [ 4.4222815e-13, -2.8646774e-10,  5.2702333e-08, -2.1282594e-06,
        -3.1747037e-05,  1.5465097e-03, -1.0594471e-02,  1.9641075e-02,
        -1.0594471e-02,  1.5465097e-03, -3.1747037e-05, -2.1282594e-06,
         5.2702333e-08, -2.8646774e-10,  4.4222815e-13],
       [ 1.7490461e-12, -1.1330018e-09,  2.0844176e-07, -8.4174299e-06,
        -1.2556196e-04,  6.1165639e-03, -4.1901950e-02,  7.7681959e-02,
        -4.1901950e-02,  6.1165639e-03, -1.2556196e-04, -8.4174299e-06,
         2.0844176e-07, -1.1330018e-09,  1.7490461e-12],
       [ 5.3874414e-12, -3.4898913e-09,  6.4204579e-07, -2.5927508e-05,
        -3.8675810e-04,  1.8840345e-02, -1.2906708e-01,  2.3927727e-01,
        -1.2906708e-01,  1.8840345e-02, -3.8675810e-04, -2.5927508e-05,
         6.4204579e-07, -3.4898913e-09,  5.3874414e-12],
       [ 1.2923800e-11, -8.3718144e-09,  1.5401879e-06, -6.2196857e-05,
        -9.2778436e-04,  4.5195635e-02, -3.0961585e-01,  5.7399637e-01,
        -3.0961585e-01,  4.5195635e-02, -9.2778436e-04, -6.2196857e-05,
         1.5401879e-06, -8.3718144e-09,  1.2923800e-11],
       [ 2.4144837e-11, -1.5640609e-08,  2.8774498e-06, -1.1619903e-04,
        -1.7333294e-03,  8.4436566e-02, -5.7843852e-01,  1.0723664e+00,
        -5.7843852e-01,  8.4436566e-02, -1.7333294e-03, -1.1619903e-04,
         2.8774498e-06, -1.5640609e-08,  2.4144837e-11],
       [ 3.5130534e-11, -2.2756950e-08,  4.1866651e-06, -1.6906859e-04,
        -2.5219796e-03,  1.2285448e-01, -8.4162313e-01,  1.5602839e+00,
        -8.4162313e-01,  1.2285448e-01, -2.5219796e-03, -1.6906859e-04,
         4.1866651e-06, -2.2756950e-08,  3.5130534e-11],
       [ 3.9808108e-11, -2.5787005e-08,  4.7441131e-06, -1.9157982e-04,
        -2.8577771e-03,  1.3921236e-01, -9.5368397e-01,  1.7680333e+00,
        -9.5368397e-01,  1.3921236e-01, -2.8577771e-03, -1.9157982e-04,
         4.7441131e-06, -2.5787005e-08,  3.9808108e-11],
       [ 3.5130534e-11, -2.2756950e-08,  4.1866651e-06, -1.6906859e-04,
        -2.5219796e-03,  1.2285448e-01, -8.4162313e-01,  1.5602839e+00,
        -8.4162313e-01,  1.2285448e-01, -2.5219796e-03, -1.6906859e-04,
         4.1866651e-06, -2.2756950e-08,  3.5130534e-11],
       [ 2.4144837e-11, -1.5640609e-08,  2.8774498e-06, -1.1619903e-04,
        -1.7333294e-03,  8.4436566e-02, -5.7843852e-01,  1.0723664e+00,
        -5.7843852e-01,  8.4436566e-02, -1.7333294e-03, -1.1619903e-04,
         2.8774498e-06, -1.5640609e-08,  2.4144837e-11],
       [ 1.2923800e-11, -8.3718144e-09,  1.5401879e-06, -6.2196857e-05,
        -9.2778436e-04,  4.5195635e-02, -3.0961585e-01,  5.7399637e-01,
        -3.0961585e-01,  4.5195635e-02, -9.2778436e-04, -6.2196857e-05,
         1.5401879e-06, -8.3718144e-09,  1.2923800e-11],
       [ 5.3874414e-12, -3.4898913e-09,  6.4204579e-07, -2.5927508e-05,
        -3.8675810e-04,  1.8840345e-02, -1.2906708e-01,  2.3927727e-01,
        -1.2906708e-01,  1.8840345e-02, -3.8675810e-04, -2.5927508e-05,
         6.4204579e-07, -3.4898913e-09,  5.3874414e-12],
       [ 1.7490461e-12, -1.1330018e-09,  2.0844176e-07, -8.4174299e-06,
        -1.2556196e-04,  6.1165639e-03, -4.1901950e-02,  7.7681959e-02,
        -4.1901950e-02,  6.1165639e-03, -1.2556196e-04, -8.4174299e-06,
         2.0844176e-07, -1.1330018e-09,  1.7490461e-12],
       [ 4.4222815e-13, -2.8646774e-10,  5.2702333e-08, -2.1282594e-06,
        -3.1747037e-05,  1.5465097e-03, -1.0594471e-02,  1.9641075e-02,
        -1.0594471e-02,  1.5465097e-03, -3.1747037e-05, -2.1282594e-06,
         5.2702333e-08, -2.8646774e-10,  4.4222815e-13],
       [ 8.7079879e-14, -5.6408843e-11,  1.0377704e-08, -4.1907913e-07,
        -6.2513623e-06,  3.0452581e-04, -2.0861751e-03,  3.8675570e-03,
        -2.0861751e-03,  3.0452581e-04, -6.2513623e-06, -4.1907913e-07,
         1.0377704e-08, -5.6408843e-11,  8.7079879e-14]], dtype=float32), array([[-5.94306895e-18,  1.33523512e-14, -8.64942232e-12,
         1.59126023e-09, -6.42592966e-08, -9.58549549e-07,
         4.66943129e-05, -3.19882616e-04,  5.93029952e-04,
        -3.19882616e-04,  4.66943129e-05, -9.58549549e-07,
        -6.42592966e-08,  1.59126023e-09, -8.64942232e-12,
         1.33523512e-14, -5.94306895e-18],
       [-3.87536797e-17,  8.70682581e-14, -5.64013176e-11,
         1.03763202e-08, -4.19023223e-07, -6.25052826e-06,
         3.04485176e-04, -2.08589691e-03,  3.86704132e-03,
        -2.08589691e-03,  3.04485176e-04, -6.25052826e-06,
        -4.19023223e-07,  1.03763202e-08, -5.64013176e-11,
         8.70682581e-14, -3.87536797e-17],
       [-1.96807417e-16,  4.42169142e-13, -2.86429519e-10,
         5.26953023e-08, -2.12797545e-06, -3.17428021e-05,
         1.54630339e-03, -1.05930576e-02,  1.96384545e-02,
        -1.05930576e-02,  1.54630339e-03, -3.17428021e-05,
        -2.12797545e-06,  5.26953023e-08, -2.86429519e-10,
         4.42169142e-13, -1.96807417e-16],
       [-7.78388391e-16,  1.74881279e-12, -1.13285070e-09,
         2.08413965e-07, -8.41630663e-06, -1.25545208e-04,
         6.11574808e-03, -4.18963581e-02,  7.76716024e-02,
        -4.18963581e-02,  6.11574808e-03, -1.25545208e-04,
        -8.41630663e-06,  2.08413965e-07, -1.13285070e-09,
         1.74881279e-12, -7.78388391e-16],
       [-2.39760511e-15,  5.38672275e-12, -3.48942586e-09,
         6.41960185e-07, -2.59240496e-05, -3.86706495e-04,
         1.88378301e-02, -1.29049867e-01,  2.39245355e-01,
        -1.29049867e-01,  1.88378301e-02, -3.86706495e-04,
        -2.59240496e-05,  6.41960185e-07, -3.48942586e-09,
         5.38672275e-12, -2.39760511e-15],
       [-5.75155573e-15,  1.29220757e-11, -8.37069702e-09,
         1.53998246e-06, -6.21885629e-05, -9.27660614e-04,
         4.51896042e-02, -3.09574544e-01,  5.73919773e-01,
        -3.09574544e-01,  4.51896042e-02, -9.27660614e-04,
        -6.21885629e-05,  1.53998246e-06, -8.37069702e-09,
         1.29220757e-11, -5.75155573e-15],
       [-1.07453202e-14,  2.41416158e-11, -1.56385216e-08,
         2.87706598e-06, -1.16183532e-04, -1.73309818e-03,
         8.44253004e-02, -5.78361332e-01,  1.07222331e+00,
        -5.78361332e-01,  8.44253004e-02, -1.73309818e-03,
        -1.16183532e-04,  2.87706598e-06, -1.56385216e-08,
         2.41416158e-11, -1.07453202e-14],
       [-1.56343495e-14,  3.51258467e-11, -2.27539143e-08,
         4.18610625e-06, -1.69046034e-04, -2.52164318e-03,
         1.22838095e-01, -8.41510832e-01,  1.56007576e+00,
        -8.41510832e-01,  1.22838095e-01, -2.52164318e-03,
        -1.69046034e-04,  4.18610625e-06, -2.27539143e-08,
         3.51258467e-11, -1.56343495e-14],
       [-1.77160397e-14,  3.98027965e-11, -2.57835637e-08,
         4.74348008e-06, -1.91554253e-04, -2.85739591e-03,
         1.39193788e-01, -9.53556716e-01,  1.76779747e+00,
        -9.53556716e-01,  1.39193788e-01, -2.85739591e-03,
        -1.91554253e-04,  4.74348008e-06, -2.57835637e-08,
         3.98027965e-11, -1.77160397e-14],
       [-1.56343495e-14,  3.51258467e-11, -2.27539143e-08,
         4.18610625e-06, -1.69046034e-04, -2.52164318e-03,
         1.22838095e-01, -8.41510832e-01,  1.56007576e+00,
        -8.41510832e-01,  1.22838095e-01, -2.52164318e-03,
        -1.69046034e-04,  4.18610625e-06, -2.27539143e-08,
         3.51258467e-11, -1.56343495e-14],
       [-1.07453202e-14,  2.41416158e-11, -1.56385216e-08,
         2.87706598e-06, -1.16183532e-04, -1.73309818e-03,
         8.44253004e-02, -5.78361332e-01,  1.07222331e+00,
        -5.78361332e-01,  8.44253004e-02, -1.73309818e-03,
        -1.16183532e-04,  2.87706598e-06, -1.56385216e-08,
         2.41416158e-11, -1.07453202e-14],
       [-5.75155573e-15,  1.29220757e-11, -8.37069702e-09,
         1.53998246e-06, -6.21885629e-05, -9.27660614e-04,
         4.51896042e-02, -3.09574544e-01,  5.73919773e-01,
        -3.09574544e-01,  4.51896042e-02, -9.27660614e-04,
        -6.21885629e-05,  1.53998246e-06, -8.37069702e-09,
         1.29220757e-11, -5.75155573e-15],
       [-2.39760511e-15,  5.38672275e-12, -3.48942586e-09,
         6.41960185e-07, -2.59240496e-05, -3.86706495e-04,
         1.88378301e-02, -1.29049867e-01,  2.39245355e-01,
        -1.29049867e-01,  1.88378301e-02, -3.86706495e-04,
        -2.59240496e-05,  6.41960185e-07, -3.48942586e-09,
         5.38672275e-12, -2.39760511e-15],
       [-7.78388391e-16,  1.74881279e-12, -1.13285070e-09,
         2.08413965e-07, -8.41630663e-06, -1.25545208e-04,
         6.11574808e-03, -4.18963581e-02,  7.76716024e-02,
        -4.18963581e-02,  6.11574808e-03, -1.25545208e-04,
        -8.41630663e-06,  2.08413965e-07, -1.13285070e-09,
         1.74881279e-12, -7.78388391e-16],
       [-1.96807417e-16,  4.42169142e-13, -2.86429519e-10,
         5.26953023e-08, -2.12797545e-06, -3.17428021e-05,
         1.54630339e-03, -1.05930576e-02,  1.96384545e-02,
        -1.05930576e-02,  1.54630339e-03, -3.17428021e-05,
        -2.12797545e-06,  5.26953023e-08, -2.86429519e-10,
         4.42169142e-13, -1.96807417e-16],
       [-3.87536797e-17,  8.70682581e-14, -5.64013176e-11,
         1.03763202e-08, -4.19023223e-07, -6.25052826e-06,
         3.04485176e-04, -2.08589691e-03,  3.86704132e-03,
        -2.08589691e-03,  3.04485176e-04, -6.25052826e-06,
        -4.19023223e-07,  1.03763202e-08, -5.64013176e-11,
         8.70682581e-14, -3.87536797e-17],
       [-5.94306895e-18,  1.33523512e-14, -8.64942232e-12,
         1.59126023e-09, -6.42592966e-08, -9.58549549e-07,
         4.66943129e-05, -3.19882616e-04,  5.93029952e-04,
        -3.19882616e-04,  4.66943129e-05, -9.58549549e-07,
        -6.42592966e-08,  1.59126023e-09, -8.64942232e-12,
         1.33523512e-14, -5.94306895e-18]], dtype=float32), array([[ 6.0587103e-05, -2.8463250e-03,  6.8618869e-03,  7.6366171e-02,
        -1.7168044e-01, -7.9337575e-02,  1.6542768e-01],
       [-2.8463250e-03,  8.8108378e-03,  1.2590653e-01, -3.6344749e-01,
        -2.1566188e-01,  5.7739937e-01, -7.9337575e-02],
       [ 6.8618869e-03,  1.2590653e-01, -4.6667582e-01, -3.5556632e-01,
         1.2223545e+00, -2.1566188e-01, -1.7168044e-01],
       [ 7.6366171e-02, -3.6344749e-01, -3.5556632e-01,  1.5695342e+00,
        -3.5556632e-01, -3.6344749e-01,  7.6366171e-02],
       [-1.7168044e-01, -2.1566188e-01,  1.2223545e+00, -3.5556632e-01,
        -4.6667582e-01,  1.2590653e-01,  6.8618869e-03],
       [-7.9337575e-02,  5.7739937e-01, -2.1566188e-01, -3.6344749e-01,
         1.2590653e-01,  8.8108378e-03, -2.8463250e-03],
       [ 1.6542768e-01, -7.9337575e-02, -1.7168044e-01,  7.6366171e-02,
         6.8618869e-03, -2.8463250e-03,  6.0587103e-05]], dtype=float32), array([[-1.6623986e-07,  6.5926897e-06,  5.4684213e-05, -2.0007491e-03,
         3.7564544e-03,  3.2558318e-02, -5.7004366e-02, -2.0515997e-02,
         3.3315651e-02],
       [ 6.5926897e-06,  7.0215923e-05, -3.2986780e-03,  7.9524145e-03,
         8.8502683e-02, -1.9896479e-01, -9.1946319e-02,  1.9171833e-01,
        -2.0515997e-02],
       [ 5.4684213e-05, -3.2986780e-03,  1.0211102e-02,  1.4591625e-01,
        -4.2120847e-01, -2.4993600e-01,  6.6916275e-01, -9.1946319e-02,
        -5.7004366e-02],
       [-2.0007491e-03,  7.9524145e-03,  1.4591625e-01, -5.4084241e-01,
        -4.1207480e-01,  1.4166175e+00, -2.4993600e-01, -1.9896479e-01,
         3.2558318e-02],
       [ 3.7564544e-03,  8.8502683e-02, -4.2120847e-01, -4.1207480e-01,
         1.8189728e+00, -4.1207480e-01, -4.2120847e-01,  8.8502683e-02,
         3.7564544e-03],
       [ 3.2558318e-02, -1.9896479e-01, -2.4993600e-01,  1.4166175e+00,
        -4.1207480e-01, -5.4084241e-01,  1.4591625e-01,  7.9524145e-03,
        -2.0007491e-03],
       [-5.7004366e-02, -9.1946319e-02,  6.6916275e-01, -2.4993600e-01,
        -4.2120847e-01,  1.4591625e-01,  1.0211102e-02, -3.2986780e-03,
         5.4684213e-05],
       [-2.0515997e-02,  1.9171833e-01, -9.1946319e-02, -1.9896479e-01,
         8.8502683e-02,  7.9524145e-03, -3.2986780e-03,  7.0215923e-05,
         6.5926897e-06],
       [ 3.3315651e-02, -2.0515997e-02, -5.7004366e-02,  3.2558318e-02,
         3.7564544e-03, -2.0007491e-03,  5.4684213e-05,  6.5926897e-06,
        -1.6623986e-07]], dtype=float32), array([[ 2.5770231e-11, -8.4881735e-10, -1.3207639e-07,  4.0792379e-06,
         2.6351467e-05, -7.5086503e-04,  1.0979276e-03,  7.4111205e-03,
        -1.0105468e-02, -2.8324830e-03,  3.5821963e-03],
       [-8.4881735e-10, -1.6958944e-07,  6.7255269e-06,  5.5786055e-05,
        -2.0410626e-03,  3.8321437e-03,  3.3214342e-02, -5.8152955e-02,
        -2.0929376e-02,  3.3986934e-02, -2.8324830e-03],
       [-1.3207639e-07,  6.7255269e-06,  7.1630711e-05, -3.3651434e-03,
         8.1126485e-03,  9.0285935e-02, -2.0297375e-01, -9.3798958e-02,
         1.9558127e-01, -2.0929376e-02, -1.0105468e-02],
       [ 4.0792379e-06,  5.5786055e-05, -3.3651434e-03,  1.0416847e-02,
         1.4885634e-01, -4.2969546e-01, -2.5497201e-01,  6.8264580e-01,
        -9.3798958e-02, -5.8152955e-02,  7.4111205e-03],
       [ 2.6351467e-05, -2.0410626e-03,  8.1126485e-03,  1.4885634e-01,
        -5.5173987e-01, -4.2037773e-01,  1.4451611e+00, -2.5497201e-01,
        -2.0297375e-01,  3.3214342e-02,  1.0979276e-03],
       [-7.5086503e-04,  3.8321437e-03,  9.0285935e-02, -4.2969546e-01,
        -4.2037773e-01,  1.8556236e+00, -4.2037773e-01, -4.2969546e-01,
         9.0285935e-02,  3.8321437e-03, -7.5086503e-04],
       [ 1.0979276e-03,  3.3214342e-02, -2.0297375e-01, -2.5497201e-01,
         1.4451611e+00, -4.2037773e-01, -5.5173987e-01,  1.4885634e-01,
         8.1126485e-03, -2.0410626e-03,  2.6351467e-05],
       [ 7.4111205e-03, -5.8152955e-02, -9.3798958e-02,  6.8264580e-01,
        -2.5497201e-01, -4.2969546e-01,  1.4885634e-01,  1.0416847e-02,
        -3.3651434e-03,  5.5786055e-05,  4.0792379e-06],
       [-1.0105468e-02, -2.0929376e-02,  1.9558127e-01, -9.3798958e-02,
        -2.0297375e-01,  9.0285935e-02,  8.1126485e-03, -3.3651434e-03,
         7.1630711e-05,  6.7255269e-06, -1.3207639e-07],
       [-2.8324830e-03,  3.3986934e-02, -2.0929376e-02, -5.8152955e-02,
         3.3214342e-02,  3.8321437e-03, -2.0410626e-03,  5.5786055e-05,
         6.7255269e-06, -1.6958944e-07, -8.4881735e-10],
       [ 3.5821963e-03, -2.8324830e-03, -1.0105468e-02,  7.4111205e-03,
         1.0979276e-03, -7.5086503e-04,  2.6351467e-05,  4.0792379e-06,
        -1.3207639e-07, -8.4881735e-10,  2.5770231e-11]], dtype=float32), array([[-3.4649900e-16, -4.0172381e-14,  2.0087690e-11, -5.1529075e-10,
        -6.2443846e-08,  1.5019998e-06,  7.5565226e-06, -1.6768934e-04,
         1.9096055e-04,  1.0038763e-03, -1.0660540e-03, -2.3271074e-04,
         2.2920540e-04],
       [-4.0172381e-14,  2.5793105e-11, -8.4957075e-10, -1.3219363e-07,
         4.0828590e-06,  2.6374855e-05, -7.5153145e-04,  1.0989021e-03,
         7.4176989e-03, -1.0114438e-02, -2.8349971e-03,  3.5853758e-03,
        -2.3271074e-04],
       [ 2.0087690e-11, -8.4957075e-10, -1.6973998e-07,  6.7314963e-06,
         5.5835571e-05, -2.0428742e-03,  3.8355452e-03,  3.3243820e-02,
        -5.8204569e-02, -2.0947954e-02,  3.4017101e-02, -2.8349971e-03,
        -1.0660540e-03],
       [-5.1529075e-10, -1.3219363e-07,  6.7314963e-06,  7.1694296e-05,
        -3.3681304e-03,  8.1198495e-03,  9.0366073e-02, -2.0315392e-01,
        -9.3882211e-02,  1.9575489e-01, -2.0947954e-02, -1.0114438e-02,
         1.0038763e-03],
       [-6.2443846e-08,  4.0828590e-06,  5.5835571e-05, -3.3681304e-03,
         1.0426093e-02,  1.4898847e-01, -4.3007687e-01, -2.5519833e-01,
         6.8325168e-01, -9.3882211e-02, -5.8204569e-02,  7.4176989e-03,
         1.9096055e-04],
       [ 1.5019998e-06,  2.6374855e-05, -2.0428742e-03,  8.1198495e-03,
         1.4898847e-01, -5.5222964e-01, -4.2075089e-01,  1.4464438e+00,
        -2.5519833e-01, -2.0315392e-01,  3.3243820e-02,  1.0989021e-03,
        -1.6768934e-04],
       [ 7.5565226e-06, -7.5153145e-04,  3.8355452e-03,  9.0366073e-02,
        -4.3007687e-01, -4.2075089e-01,  1.8572706e+00, -4.2075089e-01,
        -4.3007687e-01,  9.0366073e-02,  3.8355452e-03, -7.5153145e-04,
         7.5565226e-06],
       [-1.6768934e-04,  1.0989021e-03,  3.3243820e-02, -2.0315392e-01,
        -2.5519833e-01,  1.4464438e+00, -4.2075089e-01, -5.5222964e-01,
         1.4898847e-01,  8.1198495e-03, -2.0428742e-03,  2.6374855e-05,
         1.5019998e-06],
       [ 1.9096055e-04,  7.4176989e-03, -5.8204569e-02, -9.3882211e-02,
         6.8325168e-01, -2.5519833e-01, -4.3007687e-01,  1.4898847e-01,
         1.0426093e-02, -3.3681304e-03,  5.5835571e-05,  4.0828590e-06,
        -6.2443846e-08],
       [ 1.0038763e-03, -1.0114438e-02, -2.0947954e-02,  1.9575489e-01,
        -9.3882211e-02, -2.0315392e-01,  9.0366073e-02,  8.1198495e-03,
        -3.3681304e-03,  7.1694296e-05,  6.7314963e-06, -1.3219363e-07,
        -5.1529075e-10],
       [-1.0660540e-03, -2.8349971e-03,  3.4017101e-02, -2.0947954e-02,
        -5.8204569e-02,  3.3243820e-02,  3.8355452e-03, -2.0428742e-03,
         5.5835571e-05,  6.7314963e-06, -1.6973998e-07, -8.4957075e-10,
         2.0087690e-11],
       [-2.3271074e-04,  3.5853758e-03, -2.8349971e-03, -1.0114438e-02,
         7.4176989e-03,  1.0989021e-03, -7.5153145e-04,  2.6374855e-05,
         4.0828590e-06, -1.3219363e-07, -8.4957075e-10,  2.5793105e-11,
        -4.0172381e-14],
       [ 2.2920540e-04, -2.3271074e-04, -1.0660540e-03,  1.0038763e-03,
         1.9096055e-04, -1.6768934e-04,  7.5565226e-06,  1.5019998e-06,
        -6.2443846e-08, -5.1529075e-10,  2.0087690e-11, -4.0172381e-14,
        -3.4649900e-16]], dtype=float32), array([[ 2.92290939e-22,  6.35952120e-19, -2.69843654e-16,
        -2.43648756e-14,  9.48840052e-12, -1.89557814e-10,
        -1.78897963e-08,  3.35128988e-07,  1.31307786e-06,
        -2.26934408e-05,  2.01263447e-05,  8.24001327e-05,
        -6.81480160e-05, -1.15855546e-05,  8.88692739e-06],
       [ 6.35952120e-19, -3.46486106e-16, -4.01708865e-14,
         2.00869425e-11, -5.15271548e-10, -6.24415293e-08,
         1.50194398e-06,  7.55624160e-06, -1.67683102e-04,
         1.90953448e-04,  1.00383908e-03, -1.06601440e-03,
        -2.32702077e-04,  2.29196870e-04, -1.15855546e-05],
       [-2.69843654e-16, -4.01708865e-14,  2.57921462e-11,
        -8.49539161e-10, -1.32188717e-07,  4.08270716e-06,
         2.63738748e-05, -7.51503510e-04,  1.09886122e-03,
         7.41742272e-03, -1.01140616e-02, -2.83489167e-03,
         3.58524243e-03, -2.32702077e-04, -6.81480160e-05],
       [-2.43648756e-14,  2.00869425e-11, -8.49539161e-10,
        -1.69733667e-07,  6.73124623e-06,  5.58334941e-05,
        -2.04279833e-03,  3.83540243e-03,  3.32425870e-02,
        -5.82024045e-02, -2.09471732e-02,  3.40158343e-02,
        -2.83489167e-03, -1.06601440e-03,  8.24001327e-05],
       [ 9.48840052e-12, -5.15271548e-10, -1.32188717e-07,
         6.73124623e-06,  7.16916256e-05, -3.36800516e-03,
         8.11954681e-03,  9.03627127e-02, -2.03146368e-01,
        -9.38787237e-02,  1.95747599e-01, -2.09471732e-02,
        -1.01140616e-02,  1.00383908e-03,  2.01263447e-05],
       [-1.89557814e-10, -6.24415293e-08,  4.08270716e-06,
         5.58334941e-05, -3.36800516e-03,  1.04257045e-02,
         1.48982927e-01, -4.30060863e-01, -2.55188823e-01,
         6.83226287e-01, -9.38787237e-02, -5.82024045e-02,
         7.41742272e-03,  1.90953448e-04, -2.26934408e-05],
       [-1.78897963e-08,  1.50194398e-06,  2.63738748e-05,
        -2.04279833e-03,  8.11954681e-03,  1.48982927e-01,
        -5.52209079e-01, -4.20735240e-01,  1.44639003e+00,
        -2.55188823e-01, -2.03146368e-01,  3.32425870e-02,
         1.09886122e-03, -1.67683102e-04,  1.31307786e-06],
       [ 3.35128988e-07,  7.55624160e-06, -7.51503510e-04,
         3.83540243e-03,  9.03627127e-02, -4.30060863e-01,
        -4.20735240e-01,  1.85720158e+00, -4.20735240e-01,
        -4.30060863e-01,  9.03627127e-02,  3.83540243e-03,
        -7.51503510e-04,  7.55624160e-06,  3.35128988e-07],
       [ 1.31307786e-06, -1.67683102e-04,  1.09886122e-03,
         3.32425870e-02, -2.03146368e-01, -2.55188823e-01,
         1.44639003e+00, -4.20735240e-01, -5.52209079e-01,
         1.48982927e-01,  8.11954681e-03, -2.04279833e-03,
         2.63738748e-05,  1.50194398e-06, -1.78897963e-08],
       [-2.26934408e-05,  1.90953448e-04,  7.41742272e-03,
        -5.82024045e-02, -9.38787237e-02,  6.83226287e-01,
        -2.55188823e-01, -4.30060863e-01,  1.48982927e-01,
         1.04257045e-02, -3.36800516e-03,  5.58334941e-05,
         4.08270716e-06, -6.24415293e-08, -1.89557814e-10],
       [ 2.01263447e-05,  1.00383908e-03, -1.01140616e-02,
        -2.09471732e-02,  1.95747599e-01, -9.38787237e-02,
        -2.03146368e-01,  9.03627127e-02,  8.11954681e-03,
        -3.36800516e-03,  7.16916256e-05,  6.73124623e-06,
        -1.32188717e-07, -5.15271548e-10,  9.48840052e-12],
       [ 8.24001327e-05, -1.06601440e-03, -2.83489167e-03,
         3.40158343e-02, -2.09471732e-02, -5.82024045e-02,
         3.32425870e-02,  3.83540243e-03, -2.04279833e-03,
         5.58334941e-05,  6.73124623e-06, -1.69733667e-07,
        -8.49539161e-10,  2.00869425e-11, -2.43648756e-14],
       [-6.81480160e-05, -2.32702077e-04,  3.58524243e-03,
        -2.83489167e-03, -1.01140616e-02,  7.41742272e-03,
         1.09886122e-03, -7.51503510e-04,  2.63738748e-05,
         4.08270716e-06, -1.32188717e-07, -8.49539161e-10,
         2.57921462e-11, -4.01708865e-14, -2.69843654e-16],
       [-1.15855546e-05,  2.29196870e-04, -2.32702077e-04,
        -1.06601440e-03,  1.00383908e-03,  1.90953448e-04,
        -1.67683102e-04,  7.55624160e-06,  1.50194398e-06,
        -6.24415293e-08, -5.15271548e-10,  2.00869425e-11,
        -4.01708865e-14, -3.46486106e-16,  6.35952120e-19],
       [ 8.88692739e-06, -1.15855546e-05, -6.81480160e-05,
         8.24001327e-05,  2.01263447e-05, -2.26934408e-05,
         1.31307786e-06,  3.35128988e-07, -1.78897963e-08,
        -1.89557814e-10,  9.48840052e-12, -2.43648756e-14,
        -2.69843654e-16,  6.35952120e-19,  2.92290939e-22]], dtype=float32), array([[ 9.5040917e-29, -6.4957262e-25,  2.2763544e-22,  3.8572277e-19,
        -1.2746458e-16, -8.9632976e-15,  2.7184604e-12, -4.2295882e-11,
        -3.1087670e-09,  4.5354582e-08,  1.3839680e-07, -1.8627831e-06,
         1.2866286e-06,  4.1024432e-06, -2.6423738e-06, -3.4985192e-07,
         2.0899961e-07],
       [-6.4957262e-25,  2.9228968e-22,  6.3594938e-19, -2.6984249e-16,
        -2.4364771e-14,  9.4883589e-12, -1.8955700e-10, -1.7889718e-08,
         3.3512754e-07,  1.3130722e-06, -2.2693343e-05,  2.0126259e-05,
         8.2399776e-05, -6.8147718e-05, -1.1585505e-05,  8.8868892e-06,
        -3.4985192e-07],
       [ 2.2763544e-22,  6.3594938e-19, -3.4648462e-16, -4.0170714e-14,
         2.0086856e-11, -5.1526933e-10, -6.2441259e-08,  1.5019375e-06,
         7.5562089e-06, -1.6768239e-04,  1.9095262e-04,  1.0038347e-03,
        -1.0660097e-03, -2.3270107e-04,  2.2919588e-04, -1.1585505e-05,
        -2.6423738e-06],
       [ 3.8572277e-19, -2.6984249e-16, -4.0170714e-14,  2.5792033e-11,
        -8.4953550e-10, -1.3218815e-07,  4.0826894e-06,  2.6373762e-05,
        -7.5150025e-04,  1.0988564e-03,  7.4173911e-03, -1.0114019e-02,
        -2.8348793e-03,  3.5852271e-03, -2.3270107e-04, -6.8147718e-05,
         4.1024432e-06],
       [-1.2746458e-16, -2.4364771e-14,  2.0086856e-11, -8.4953550e-10,
        -1.6973293e-07,  6.7312171e-06,  5.5833250e-05, -2.0427895e-03,
         3.8353859e-03,  3.3242442e-02, -5.8202155e-02, -2.0947084e-02,
         3.4015685e-02, -2.8348793e-03, -1.0660097e-03,  8.2399776e-05,
         1.2866286e-06],
       [-8.9632976e-15,  9.4883589e-12, -5.1526933e-10, -1.3218815e-07,
         6.7312171e-06,  7.1691320e-05, -3.3679905e-03,  8.1195123e-03,
         9.0362325e-02, -2.0314549e-01, -9.3878314e-02,  1.9574675e-01,
        -2.0947084e-02, -1.0114019e-02,  1.0038347e-03,  2.0126259e-05,
        -1.8627831e-06],
       [ 2.7184604e-12, -1.8955700e-10, -6.2441259e-08,  4.0826894e-06,
         5.5833250e-05, -3.3679905e-03,  1.0425660e-02,  1.4898227e-01,
        -4.3005899e-01, -2.5518772e-01,  6.8322337e-01, -9.3878314e-02,
        -5.8202155e-02,  7.4173911e-03,  1.9095262e-04, -2.2693343e-05,
         1.3839680e-07],
       [-4.2295882e-11, -1.7889718e-08,  1.5019375e-06,  2.6373762e-05,
        -2.0427895e-03,  8.1195123e-03,  1.4898227e-01, -5.5220670e-01,
        -4.2073342e-01,  1.4463838e+00, -2.5518772e-01, -2.0314549e-01,
         3.3242442e-02,  1.0988564e-03, -1.6768239e-04,  1.3130722e-06,
         4.5354582e-08],
       [-3.1087670e-09,  3.3512754e-07,  7.5562089e-06, -7.5150025e-04,
         3.8353859e-03,  9.0362325e-02, -4.3005899e-01, -4.2073342e-01,
         1.8571936e+00, -4.2073342e-01, -4.3005899e-01,  9.0362325e-02,
         3.8353859e-03, -7.5150025e-04,  7.5562089e-06,  3.3512754e-07,
        -3.1087670e-09],
       [ 4.5354582e-08,  1.3130722e-06, -1.6768239e-04,  1.0988564e-03,
         3.3242442e-02, -2.0314549e-01, -2.5518772e-01,  1.4463838e+00,
        -4.2073342e-01, -5.5220670e-01,  1.4898227e-01,  8.1195123e-03,
        -2.0427895e-03,  2.6373762e-05,  1.5019375e-06, -1.7889718e-08,
        -4.2295882e-11],
       [ 1.3839680e-07, -2.2693343e-05,  1.9095262e-04,  7.4173911e-03,
        -5.8202155e-02, -9.3878314e-02,  6.8322337e-01, -2.5518772e-01,
        -4.3005899e-01,  1.4898227e-01,  1.0425660e-02, -3.3679905e-03,
         5.5833250e-05,  4.0826894e-06, -6.2441259e-08, -1.8955700e-10,
         2.7184604e-12],
       [-1.8627831e-06,  2.0126259e-05,  1.0038347e-03, -1.0114019e-02,
        -2.0947084e-02,  1.9574675e-01, -9.3878314e-02, -2.0314549e-01,
         9.0362325e-02,  8.1195123e-03, -3.3679905e-03,  7.1691320e-05,
         6.7312171e-06, -1.3218815e-07, -5.1526933e-10,  9.4883589e-12,
        -8.9632976e-15],
       [ 1.2866286e-06,  8.2399776e-05, -1.0660097e-03, -2.8348793e-03,
         3.4015685e-02, -2.0947084e-02, -5.8202155e-02,  3.3242442e-02,
         3.8353859e-03, -2.0427895e-03,  5.5833250e-05,  6.7312171e-06,
        -1.6973293e-07, -8.4953550e-10,  2.0086856e-11, -2.4364771e-14,
        -1.2746458e-16],
       [ 4.1024432e-06, -6.8147718e-05, -2.3270107e-04,  3.5852271e-03,
        -2.8348793e-03, -1.0114019e-02,  7.4173911e-03,  1.0988564e-03,
        -7.5150025e-04,  2.6373762e-05,  4.0826894e-06, -1.3218815e-07,
        -8.4953550e-10,  2.5792033e-11, -4.0170714e-14, -2.6984249e-16,
         3.8572277e-19],
       [-2.6423738e-06, -1.1585505e-05,  2.2919588e-04, -2.3270107e-04,
        -1.0660097e-03,  1.0038347e-03,  1.9095262e-04, -1.6768239e-04,
         7.5562089e-06,  1.5019375e-06, -6.2441259e-08, -5.1526933e-10,
         2.0086856e-11, -4.0170714e-14, -3.4648462e-16,  6.3594938e-19,
         2.2763544e-22],
       [-3.4985192e-07,  8.8868892e-06, -1.1585505e-05, -6.8147718e-05,
         8.2399776e-05,  2.0126259e-05, -2.2693343e-05,  1.3130722e-06,
         3.3512754e-07, -1.7889718e-08, -1.8955700e-10,  9.4883589e-12,
        -2.4364771e-14, -2.6984249e-16,  6.3594938e-19,  2.9228968e-22,
        -6.4957262e-25],
       [ 2.0899961e-07, -3.4985192e-07, -2.6423738e-06,  4.1024432e-06,
         1.2866286e-06, -1.8627831e-06,  1.3839680e-07,  4.5354582e-08,
        -3.1087670e-09, -4.2295882e-11,  2.7184604e-12, -8.9632976e-15,
        -1.2746458e-16,  3.8572277e-19,  2.2763544e-22, -6.4957262e-25,
         9.5040917e-29]], dtype=float32), array([[-1.0021884e-03, -1.8723345e-03, -2.7242308e-03, -3.0869576e-03,
        -2.7242308e-03, -1.8723345e-03, -1.0021884e-03],
       [ 4.8820116e-02,  9.1207989e-02,  1.3270685e-01,  1.5037656e-01,
         1.3270685e-01,  9.1207989e-02,  4.8820116e-02],
       [-3.3444563e-01, -6.2482661e-01, -9.0911740e-01, -1.0301651e+00,
        -9.0911740e-01, -6.2482661e-01, -3.3444563e-01],
       [ 6.2002826e-01,  1.1583652e+00,  1.6854115e+00,  1.9098214e+00,
         1.6854115e+00,  1.1583652e+00,  6.2002826e-01],
       [-3.3444563e-01, -6.2482661e-01, -9.0911740e-01, -1.0301651e+00,
        -9.0911740e-01, -6.2482661e-01, -3.3444563e-01],
       [ 4.8820116e-02,  9.1207989e-02,  1.3270685e-01,  1.5037656e-01,
         1.3270685e-01,  9.1207989e-02,  4.8820116e-02],
       [-1.0021884e-03, -1.8723345e-03, -2.7242308e-03, -3.0869576e-03,
        -2.7242308e-03, -1.8723345e-03, -1.0021884e-03]], dtype=float32), array([[-2.6535323e-05, -6.3654930e-05, -1.1892306e-04, -1.7303204e-04,
        -1.9607098e-04, -1.7303204e-04, -1.1892306e-04, -6.3654930e-05,
        -2.6535323e-05],
       [-3.9582478e-04, -9.4953424e-04, -1.7739636e-03, -2.5811018e-03,
        -2.9247715e-03, -2.5811018e-03, -1.7739636e-03, -9.4953424e-04,
        -3.9582478e-04],
       [ 1.9282015e-02,  4.6255149e-02,  8.6415991e-02,  1.2573454e-01,
         1.4247589e-01,  1.2573454e-01,  8.6415991e-02,  4.6255149e-02,
         1.9282015e-02],
       [-1.3209277e-01, -3.1687412e-01, -5.9199876e-01, -8.6135310e-01,
        -9.7604102e-01, -8.6135310e-01, -5.9199876e-01, -3.1687412e-01,
        -1.3209277e-01],
       [ 2.4488661e-01,  5.8745247e-01,  1.0975057e+00,  1.5968614e+00,
         1.8094809e+00,  1.5968614e+00,  1.0975057e+00,  5.8745247e-01,
         2.4488661e-01],
       [-1.3209277e-01, -3.1687412e-01, -5.9199876e-01, -8.6135310e-01,
        -9.7604102e-01, -8.6135310e-01, -5.9199876e-01, -3.1687412e-01,
        -1.3209277e-01],
       [ 1.9282015e-02,  4.6255149e-02,  8.6415991e-02,  1.2573454e-01,
         1.4247589e-01,  1.2573454e-01,  8.6415991e-02,  4.6255149e-02,
         1.9282015e-02],
       [-3.9582478e-04, -9.4953424e-04, -1.7739636e-03, -2.5811018e-03,
        -2.9247715e-03, -2.5811018e-03, -1.7739636e-03, -9.4953424e-04,
        -3.9582478e-04],
       [-2.6535323e-05, -6.3654930e-05, -1.1892306e-04, -1.7303204e-04,
        -1.9607098e-04, -1.7303204e-04, -1.1892306e-04, -6.3654930e-05,
        -2.6535323e-05]], dtype=float32), array([[ 2.09553548e-07,  6.45470379e-07,  1.54840302e-06,
         2.89279751e-06,  4.20899596e-06,  4.76941705e-06,
         4.20899596e-06,  2.89279751e-06,  1.54840302e-06,
         6.45470379e-07,  2.09553548e-07],
       [-8.46232706e-06, -2.60657998e-05, -6.25286048e-05,
        -1.16818817e-04, -1.69970372e-04, -1.92601670e-04,
        -1.69970372e-04, -1.16818817e-04, -6.25286048e-05,
        -2.60657998e-05, -8.46232706e-06],
       [-1.26231680e-04, -3.88820976e-04, -9.32733004e-04,
        -1.74257462e-03, -2.53543118e-03, -2.87302001e-03,
        -2.53543118e-03, -1.74257462e-03, -9.32733004e-04,
        -3.88820976e-04, -1.26231680e-04],
       [ 6.14918862e-03,  1.89408343e-02,  4.54366989e-02,
         8.48869309e-02,  1.23509765e-01,  1.39954895e-01,
         1.23509765e-01,  8.48869309e-02,  4.54366989e-02,
         1.89408343e-02,  6.14918862e-03],
       [-4.21254449e-02, -1.29755497e-01, -3.11267287e-01,
        -5.81523776e-01, -8.46112192e-01, -9.58770752e-01,
        -8.46112192e-01, -5.81523776e-01, -3.11267287e-01,
        -1.29755497e-01, -4.21254449e-02],
       [ 7.80963004e-02,  2.40553543e-01,  5.77057958e-01,
         1.07808614e+00,  1.56860614e+00,  1.77746367e+00,
         1.56860614e+00,  1.07808614e+00,  5.77057958e-01,
         2.40553543e-01,  7.80963004e-02],
       [-4.21254449e-02, -1.29755497e-01, -3.11267287e-01,
        -5.81523776e-01, -8.46112192e-01, -9.58770752e-01,
        -8.46112192e-01, -5.81523776e-01, -3.11267287e-01,
        -1.29755497e-01, -4.21254449e-02],
       [ 6.14918862e-03,  1.89408343e-02,  4.54366989e-02,
