02:03:18 ->GaborKenel|变量变更 ―>

[array([[ 0.00235158, -0.00493959, -0.09945135,  0.2508516 , -0.09945135,
        -0.00493959,  0.00235158],
       [ 0.00439332, -0.00922837, -0.18579958,  0.46865252, -0.18579958,
        -0.00922837,  0.00439332],
       [ 0.00639225, -0.0134272 , -0.27033678,  0.68188536, -0.27033678,
        -0.0134272 ,  0.00639225],
       [ 0.00724336, -0.01521501, -0.30633172,  0.77267736, -0.30633172,
        -0.01521501,  0.00724336],
       [ 0.00639225, -0.0134272 , -0.27033678,  0.68188536, -0.27033678,
        -0.0134272 ,  0.00639225],
       [ 0.00439332, -0.00922837, -0.18579958,  0.46865252, -0.18579958,
        -0.00922837,  0.00439332],
       [ 0.00235158, -0.00493959, -0.09945135,  0.2508516 , -0.09945135,
        -0.00493959,  0.00235158]], dtype=float32), array([[-3.1847510e-05,  9.2931365e-04, -1.9520652e-03, -3.9301939e-02,
         9.9133447e-02, -3.9301939e-02, -1.9520652e-03,  9.2931365e-04,
        -3.1847510e-05],
       [-7.6398195e-05,  2.2293075e-03, -4.6827612e-03, -9.4280452e-02,
         2.3780878e-01, -9.4280452e-02, -4.6827612e-03,  2.2293075e-03,
        -7.6398195e-05],
       [-1.4273064e-04,  4.1648946e-03, -8.7485500e-03, -1.7613907e-01,
         4.4428527e-01, -1.7613907e-01, -8.7485500e-03,  4.1648946e-03,
        -1.4273064e-04],
       [-2.0767184e-04,  6.0598860e-03, -1.2729065e-02, -2.5628084e-01,
         6.4643127e-01, -2.5628084e-01, -1.2729065e-02,  6.0598860e-03,
        -2.0767184e-04],
       [-2.3532302e-04,  6.8667508e-03, -1.4423920e-02, -2.9040423e-01,
         7.3250258e-01, -2.9040423e-01, -1.4423920e-02,  6.8667508e-03,
        -2.3532302e-04],
       [-2.0767184e-04,  6.0598860e-03, -1.2729065e-02, -2.5628084e-01,
         6.4643127e-01, -2.5628084e-01, -1.2729065e-02,  6.0598860e-03,
        -2.0767184e-04],
       [-1.4273064e-04,  4.1648946e-03, -8.7485500e-03, -1.7613907e-01,
         4.4428527e-01, -1.7613907e-01, -8.7485500e-03,  4.1648946e-03,
        -1.4273064e-04],
       [-7.6398195e-05,  2.2293075e-03, -4.6827612e-03, -9.4280452e-02,
         2.3780878e-01, -9.4280452e-02, -4.6827612e-03,  2.2293075e-03,
        -7.6398195e-05],
       [-3.1847510e-05,  9.2931365e-04, -1.9520652e-03, -3.9301939e-02,
         9.9133447e-02, -3.9301939e-02, -1.9520652e-03,  9.2931365e-04,
        -3.1847510e-05]], dtype=float32), array([[-9.2469226e-04, -2.2257279e-04,  1.1021094e-01, -8.7550467e-01,
         2.7083888e+00, -3.8362253e+00,  2.6034782e+00],
       [-2.2257279e-04,  1.4151365e-01, -1.4434632e+00,  5.7336593e+00,
        -1.0427941e+01,  9.0870323e+00, -3.8362253e+00],
       [ 1.1021094e-01, -1.4434632e+00,  7.3621645e+00, -1.7192768e+01,
         1.9237247e+01, -1.0427941e+01,  2.7083888e+00],
       [-8.7550467e-01,  5.7336593e+00, -1.7192768e+01,  2.4701115e+01,
        -1.7192768e+01,  5.7336593e+00, -8.7550467e-01],
       [ 2.7083888e+00, -1.0427941e+01,  1.9237247e+01, -1.7192768e+01,
         7.3621645e+00, -1.4434632e+00,  1.1021094e-01],
       [-3.8362253e+00,  9.0870323e+00, -1.0427941e+01,  5.7336593e+00,
        -1.4434632e+00,  1.4151365e-01, -2.2257279e-04],
       [ 2.6034782e+00, -3.8362253e+00,  2.7083888e+00, -8.7550467e-01,
         1.1021094e-01, -2.2257279e-04, -9.2469226e-04]], dtype=float32), array([[-8.8617080e-06,  2.5620064e-04, -2.8543556e-03, -5.3506845e-04,
         2.0634234e-01, -1.2765812e+00,  3.0755825e+00, -3.3927109e+00,
         1.7931768e+00],
       [ 2.5620064e-04, -3.6650652e-03, -8.8217866e-04,  4.3682671e-01,
        -3.4701078e+00,  1.0734838e+01, -1.5205075e+01,  1.0319019e+01,
        -3.3927109e+00],
       [-2.8543556e-03, -8.8217866e-04,  5.6089664e-01, -5.7212400e+00,
         2.2725653e+01, -4.1331680e+01,  3.6016918e+01, -1.5205075e+01,
         3.0755825e+00],
       [-5.3506845e-04,  4.3682671e-01, -5.7212400e+00,  2.9180317e+01,
        -6.8144417e+01,  7.6247818e+01, -4.1331680e+01,  1.0734838e+01,
        -1.2765812e+00],
       [ 2.0634234e-01, -3.4701078e+00,  2.2725653e+01, -6.8144417e+01,
         9.7904129e+01, -6.8144417e+01,  2.2725653e+01, -3.4701078e+00,
         2.0634234e-01],
       [-1.2765812e+00,  1.0734838e+01, -4.1331680e+01,  7.6247818e+01,
        -6.8144417e+01,  2.9180317e+01, -5.7212400e+00,  4.3682671e-01,
        -5.3506845e-04],
       [ 3.0755825e+00, -1.5205075e+01,  3.6016918e+01, -4.1331680e+01,
         2.2725653e+01, -5.7212400e+00,  5.6089664e-01, -8.8217866e-04,
        -2.8543556e-03],
       [-3.3927109e+00,  1.0319019e+01, -1.5205075e+01,  1.0734838e+01,
        -3.4701078e+00,  4.3682671e-01, -8.8217866e-04, -3.6650652e-03,
         2.5620064e-04],
       [ 1.7931768e+00, -3.3927109e+00,  3.0755825e+00, -1.2765812e+00,
         2.0634234e-01, -5.3506845e-04, -2.8543556e-03,  2.5620064e-04,
        -8.8617080e-06]], dtype=float32), array([[ 0.00235158,  0.00439332,  0.00639225,  0.00724336,  0.00639225,
         0.00439332,  0.00235158],
       [-0.00493959, -0.00922837, -0.0134272 , -0.01521501, -0.0134272 ,
        -0.00922837, -0.00493959],
       [-0.09945134, -0.18579957, -0.27033675, -0.3063317 , -0.27033675,
        -0.18579957, -0.09945134],
       [ 0.25085157,  0.46865246,  0.6818853 ,  0.7726773 ,  0.6818853 ,
         0.46865246,  0.25085157],
       [-0.09945134, -0.18579957, -0.27033675, -0.3063317 , -0.27033675,
        -0.18579957, -0.09945134],
       [-0.00493959, -0.00922837, -0.0134272 , -0.01521501, -0.0134272 ,
        -0.00922837, -0.00493959],
       [ 0.00235158,  0.00439332,  0.00639225,  0.00724336,  0.00639225,
         0.00439332,  0.00235158]], dtype=float32), array([[-3.1847507e-05, -7.6398195e-05, -1.4273063e-04, -2.0767182e-04,
        -2.3532301e-04, -2.0767182e-04, -1.4273063e-04, -7.6398195e-05,
        -3.1847507e-05],
       [ 9.2931360e-04,  2.2293073e-03,  4.1648946e-03,  6.0598855e-03,
         6.8667503e-03,  6.0598855e-03,  4.1648946e-03,  2.2293073e-03,
         9.2931360e-04],
       [-1.9520650e-03, -4.6827607e-03, -8.7485490e-03, -1.2729064e-02,
        -1.4423919e-02, -1.2729064e-02, -8.7485490e-03, -4.6827607e-03,
        -1.9520650e-03],
       [-3.9301936e-02, -9.4280444e-02, -1.7613906e-01, -2.5628081e-01,
        -2.9040423e-01, -2.5628081e-01, -1.7613906e-01, -9.4280444e-02,
        -3.9301936e-02],
       [ 9.9133439e-02,  2.3780875e-01,  4.4428524e-01,  6.4643121e-01,
         7.3250252e-01,  6.4643121e-01,  4.4428524e-01,  2.3780875e-01,
         9.9133439e-02],
       [-3.9301936e-02, -9.4280444e-02, -1.7613906e-01, -2.5628081e-01,
        -2.9040423e-01, -2.5628081e-01, -1.7613906e-01, -9.4280444e-02,
        -3.9301936e-02],
       [-1.9520650e-03, -4.6827607e-03, -8.7485490e-03, -1.2729064e-02,
        -1.4423919e-02, -1.2729064e-02, -8.7485490e-03, -4.6827607e-03,
        -1.9520650e-03],
       [ 9.2931360e-04,  2.2293073e-03,  4.1648946e-03,  6.0598855e-03,
         6.8667503e-03,  6.0598855e-03,  4.1648946e-03,  2.2293073e-03,
         9.2931360e-04],
       [-3.1847507e-05, -7.6398195e-05, -1.4273063e-04, -2.0767182e-04,
        -2.3532301e-04, -2.0767182e-04, -1.4273063e-04, -7.6398195e-05,
        -3.1847507e-05]], dtype=float32), array([[ 2.6035266e+00, -3.8362966e+00,  2.7084391e+00, -8.7552094e-01,
         1.1021299e-01, -2.2257693e-04, -9.2470949e-04],
       [-3.8362966e+00,  9.0872011e+00, -1.0428136e+01,  5.7337656e+00,
        -1.4434900e+00,  1.4151628e-01, -2.2257693e-04],
       [ 2.7084391e+00, -1.0428136e+01,  1.9237604e+01, -1.7193089e+01,
         7.3623013e+00, -1.4434900e+00,  1.1021299e-01],
       [-8.7552094e-01,  5.7337656e+00, -1.7193089e+01,  2.4701572e+01,
        -1.7193089e+01,  5.7337656e+00, -8.7552094e-01],
       [ 1.1021299e-01, -1.4434900e+00,  7.3623013e+00, -1.7193089e+01,
         1.9237604e+01, -1.0428136e+01,  2.7084391e+00],
       [-2.2257693e-04,  1.4151628e-01, -1.4434900e+00,  5.7337656e+00,
        -1.0428136e+01,  9.0872011e+00, -3.8362966e+00],
       [-9.2470949e-04, -2.2257693e-04,  1.1021299e-01, -8.7552094e-01,
         2.7084391e+00, -3.8362966e+00,  2.6035266e+00]], dtype=float32), array([[ 1.7930676e+00, -3.3925042e+00,  3.0753951e+00, -1.2765034e+00,
         2.0632976e-01, -5.3503586e-04, -2.8541817e-03,  2.5618504e-04,
        -8.8611687e-06],
       [-3.3925042e+00,  1.0318391e+01, -1.5204149e+01,  1.0734184e+01,
        -3.4698963e+00,  4.3680012e-01, -8.8212494e-04, -3.6648419e-03,
         2.5618504e-04],
       [ 3.0753951e+00, -1.5204149e+01,  3.6014725e+01, -4.1329163e+01,
         2.2724268e+01, -5.7208920e+00,  5.6086242e-01, -8.8212494e-04,
        -2.8541817e-03],
       [-1.2765034e+00,  1.0734184e+01, -4.1329163e+01,  7.6243172e+01,
        -6.8140266e+01,  2.9178539e+01, -5.7208920e+00,  4.3680012e-01,
        -5.3503586e-04],
       [ 2.0632976e-01, -3.4698963e+00,  2.2724268e+01, -6.8140266e+01,
         9.7898170e+01, -6.8140266e+01,  2.2724268e+01, -3.4698963e+00,
         2.0632976e-01],
       [-5.3503586e-04,  4.3680012e-01, -5.7208920e+00,  2.9178539e+01,
        -6.8140266e+01,  7.6243172e+01, -4.1329163e+01,  1.0734184e+01,
        -1.2765034e+00],
       [-2.8541817e-03, -8.8212494e-04,  5.6086242e-01, -5.7208920e+00,
         2.2724268e+01, -4.1329163e+01,  3.6014725e+01, -1.5204149e+01,
         3.0753951e+00],
       [ 2.5618504e-04, -3.6648419e-03, -8.8212494e-04,  4.3680012e-01,
        -3.4698963e+00,  1.0734184e+01, -1.5204149e+01,  1.0318391e+01,
        -3.3925042e+00],
       [-8.8611687e-06,  2.5618504e-04, -2.8541817e-03, -5.3503586e-04,
         2.0632976e-01, -1.2765034e+00,  3.0753951e+00, -3.3925042e+00,
         1.7930676e+00]], dtype=float32)]
02:03:26 ->GaborFaceUI|变量变更 ―>

[[[62 62 62]
  [77 77 77]
  [68 68 68]
  ...
  [57 57 57]
  [45 45 45]
  [17 17 17]]

 [[62 62 62]
  [81 81 81]
  [75 75 75]
  ...
  [55 55 55]
  [44 44 44]
  [17 17 17]]

 [[63 63 63]
  [82 82 82]
  [77 77 77]
  ...
  [57 57 57]
  [43 43 43]
  [16 16 16]]

 ...

 [[37 37 37]
  [37 37 37]
  [21 21 21]
  ...
  [51 51 51]
  [36 36 36]
  [14 14 14]]

 [[36 36 36]
  [36 36 36]
  [20 20 20]
  ...
  [48 48 48]
  [38 38 38]
  [15 15 15]]

 [[37 37 37]
  [37 37 37]
  [20 20 20]
  ...
  [48 48 48]
  [38 38 38]
  [15 15 15]]]
02:03:28 ->GaborImgPre|变量变更 ―>

[[62 77 68 ... 57 45 17]
 [62 81 75 ... 55 44 17]
 [63 82 77 ... 57 43 16]
 ...
 [37 37 21 ... 51 36 14]
 [36 36 20 ... 48 38 15]
 [37 37 20 ... 48 38 15]]
02:03:28 ->GaborKenel|变量变更 ―>

[[[833.0358    833.0358    833.0358   ]
  [ 46.36559    46.36559    46.36559  ]
  [325.0906    325.0906    325.0906   ]
  ...
  [366.39163   366.39163   366.39163  ]
  [ 74.048836   74.048836   74.048836 ]
  [381.8055    381.8055    381.8055   ]]

 [[ 58.255287   58.255287   58.255287 ]
  [700.63684   700.63684   700.63684  ]
  [ 63.486736   63.486736   63.486736 ]
  ...
  [ 31.326122   31.326122   31.326122 ]
  [437.4679    437.4679    437.4679   ]
  [ 28.140621   28.140621   28.140621 ]]

 [[268.8324    268.8324    268.8324   ]
  [ 73.53276    73.53276    73.53276  ]
  [429.67767   429.67767   429.67767  ]
  ...
  [411.79337   411.79337   411.79337  ]
  [ 71.182465   71.182465   71.182465 ]
  [159.07935   159.07935   159.07935  ]]

 ...

 [[666.03906   666.03906   666.03906  ]
  [ 11.420851   11.420851   11.420851 ]
  [240.31923   240.31923   240.31923  ]
  ...
  [ 32.835846   32.835846   32.835846 ]
  [658.4479    658.4479    658.4479   ]
  [ 32.440197   32.440197   32.440197 ]]

 [[ 90.039314   90.039314   90.039314 ]
  [626.6622    626.6622    626.6622   ]
  [ 14.1765995  14.1765995  14.1765995]
  ...
  [658.7064    658.7064    658.7064   ]
  [ 69.656105   69.656105   69.656105 ]
  [220.18758   220.18758   220.18758  ]]

 [[712.16766   712.16766   712.16766  ]
  [ 11.774858   11.774858   11.774858 ]
  [365.59305   365.59305   365.59305  ]
  ...
  [ 32.179478   32.179478   32.179478 ]
  [266.98694   266.98694   266.98694  ]
  [ 28.537598   28.537598   28.537598 ]]]
02:03:28 ->GaborKenel|变量变更 ―>

池化后结果-> [[[1.572549   1.572549   1.572549  ]
  [1.572549   1.572549   1.572549  ]
  [1.572549   1.572549   1.572549  ]
  ...
  [0.63529414 0.63529414 0.63529414]
  [0.63529414 0.63529414 0.63529414]
  [1.4972765  1.4972765  1.4972765 ]]

 [[1.0745099  1.0745099  1.0745099 ]
  [1.0745099  1.0745099  1.0745099 ]
  [1.0745099  1.0745099  1.0745099 ]
  ...
  [0.9607843  0.9607843  0.9607843 ]
  [0.9607843  0.9607843  0.9607843 ]
  [0.11035538 0.11035538 0.11035538]]

 [[1.0078431  1.0078431  1.0078431 ]
  [1.0078431  1.0078431  1.0078431 ]
  [1.0078431  1.0078431  1.0078431 ]
  ...
  [0.69411767 0.69411767 0.69411767]
  [0.69411767 0.69411767 0.69411767]
  [0.6238406  0.6238406  0.6238406 ]]

 ...

 [[1.1960784  1.1960784  1.1960784 ]
  [1.1960784  1.1960784  1.1960784 ]
  [1.1960784  1.1960784  1.1960784 ]
  ...
  [1.4        1.4        1.4       ]
  [1.4        1.4        1.4       ]
  [0.12721646 0.12721646 0.12721646]]

 [[0.9529412  0.9529412  0.9529412 ]
  [0.9529412  0.9529412  0.9529412 ]
  [0.9529412  0.9529412  0.9529412 ]
  ...
  [0.99215686 0.99215686 0.99215686]
  [0.99215686 0.99215686 0.99215686]
  [0.8634807  0.8634807  0.8634807 ]]

 [[1.4235294  1.4235294  1.4235294 ]
  [1.4235294  1.4235294  1.4235294 ]
  [1.4235294  1.4235294  1.4235294 ]
  ...
  [1.0117648  1.0117648  1.0117648 ]
  [1.0117648  1.0117648  1.0117648 ]
  [0.11191215 0.11191215 0.11191215]]]
02:03:28 ->GaborDiscriminatr|变量变更 ―>

预测的直接返回值[[2.5149828e-03 9.9748504e-01 1.1516179e-12 4.2843968e-35 8.5481134e-13
  3.8044512e-11 2.1258075e-19 0.0000000e+00 3.9753904e-22 1.4942812e-15
  0.0000000e+00 3.7707968e-28 5.3218511e-30 8.6350780e-17 2.2736907e-20
  1.7926989e-12 1.0004203e-28 3.8271850e-20 5.6130067e-36 2.1349887e-21
  2.3320005e-27 1.9534126e-23 9.7998371e-33 2.3037404e-21]]
02:03:28 ->GaborDiscriminatr|变量变更 ―>

预测的处理返回值1
02:03:28 ->GaborFaceUI|变量变更 ―>

1
02:03:33 ->GaborImgPre|变量变更 ―>

[[62 77 68 ... 57 45 17]
 [62 81 75 ... 55 44 17]
 [63 82 77 ... 57 43 16]
 ...
 [37 37 21 ... 51 36 14]
 [36 36 20 ... 48 38 15]
 [37 37 20 ... 48 38 15]]
02:03:33 ->GaborKenel|变量变更 ―>

[[[833.0358    833.0358    833.0358   ]
  [ 46.36559    46.36559    46.36559  ]
  [325.0906    325.0906    325.0906   ]
  ...
  [366.39163   366.39163   366.39163  ]
  [ 74.048836   74.048836   74.048836 ]
  [381.8055    381.8055    381.8055   ]]

 [[ 58.255287   58.255287   58.255287 ]
  [700.63684   700.63684   700.63684  ]
  [ 63.486736   63.486736   63.486736 ]
  ...
  [ 31.326122   31.326122   31.326122 ]
  [437.4679    437.4679    437.4679   ]
  [ 28.140621   28.140621   28.140621 ]]

 [[268.8324    268.8324    268.8324   ]
  [ 73.53276    73.53276    73.53276  ]
  [429.67767   429.67767   429.67767  ]
  ...
  [411.79337   411.79337   411.79337  ]
  [ 71.182465   71.182465   71.182465 ]
  [159.07935   159.07935   159.07935  ]]

 ...

 [[666.03906   666.03906   666.03906  ]
  [ 11.420851   11.420851   11.420851 ]
  [240.31923   240.31923   240.31923  ]
  ...
  [ 32.835846   32.835846   32.835846 ]
  [658.4479    658.4479    658.4479   ]
  [ 32.440197   32.440197   32.440197 ]]

 [[ 90.039314   90.039314   90.039314 ]
  [626.6622    626.6622    626.6622   ]
  [ 14.1765995  14.1765995  14.1765995]
  ...
  [658.7064    658.7064    658.7064   ]
  [ 69.656105   69.656105   69.656105 ]
  [220.18758   220.18758   220.18758  ]]

 [[712.16766   712.16766   712.16766  ]
  [ 11.774858   11.774858   11.774858 ]
  [365.59305   365.59305   365.59305  ]
  ...
  [ 32.179478   32.179478   32.179478 ]
  [266.98694   266.98694   266.98694  ]
  [ 28.537598   28.537598   28.537598 ]]]
02:03:33 ->GaborKenel|变量变更 ―>

池化后结果-> [[[1.572549   1.572549   1.572549  ]
  [1.572549   1.572549   1.572549  ]
  [1.572549   1.572549   1.572549  ]
  ...
  [0.63529414 0.63529414 0.63529414]
  [0.63529414 0.63529414 0.63529414]
  [1.4972765  1.4972765  1.4972765 ]]

 [[1.0745099  1.0745099  1.0745099 ]
  [1.0745099  1.0745099  1.0745099 ]
  [1.0745099  1.0745099  1.0745099 ]
  ...
  [0.9607843  0.9607843  0.9607843 ]
  [0.9607843  0.9607843  0.9607843 ]
  [0.11035538 0.11035538 0.11035538]]

 [[1.0078431  1.0078431  1.0078431 ]
  [1.0078431  1.0078431  1.0078431 ]
  [1.0078431  1.0078431  1.0078431 ]
  ...
  [0.69411767 0.69411767 0.69411767]
  [0.69411767 0.69411767 0.69411767]
  [0.6238406  0.6238406  0.6238406 ]]

 ...

 [[1.1960784  1.1960784  1.1960784 ]
  [1.1960784  1.1960784  1.1960784 ]
  [1.1960784  1.1960784  1.1960784 ]
  ...
  [1.4        1.4        1.4       ]
  [1.4        1.4        1.4       ]
  [0.12721646 0.12721646 0.12721646]]

 [[0.9529412  0.9529412  0.9529412 ]
  [0.9529412  0.9529412  0.9529412 ]
  [0.9529412  0.9529412  0.9529412 ]
  ...
  [0.99215686 0.99215686 0.99215686]
  [0.99215686 0.99215686 0.99215686]
  [0.8634807  0.8634807  0.8634807 ]]

 [[1.4235294  1.4235294  1.4235294 ]
  [1.4235294  1.4235294  1.4235294 ]
  [1.4235294  1.4235294  1.4235294 ]
  ...
  [1.0117648  1.0117648  1.0117648 ]
  [1.0117648  1.0117648  1.0117648 ]
  [0.11191215 0.11191215 0.11191215]]]
02:03:34 ->GaborDiscriminatr|变量变更 ―>

预测的直接返回值[[2.5149828e-03 9.9748504e-01 1.1516179e-12 4.2843968e-35 8.5481134e-13
  3.8044512e-11 2.1258075e-19 0.0000000e+00 3.9753904e-22 1.4942812e-15
  0.0000000e+00 3.7707968e-28 5.3218511e-30 8.6350780e-17 2.2736907e-20
  1.7926989e-12 1.0004203e-28 3.8271850e-20 5.6130067e-36 2.1349887e-21
  2.3320005e-27 1.9534126e-23 9.7998371e-33 2.3037404e-21]]
02:03:34 ->GaborDiscriminatr|变量变更 ―>

预测的处理返回值1
02:03:34 ->GaborFaceUI|变量变更 ―>

1
