01:53:24 ->GaborKenel|变量变更 ―>

[array([[-3.1133830e-05,  1.2572776e-03,  1.1209623e-02,  2.1901352e-02,
         1.1209623e-02,  1.2572776e-03, -3.1133830e-05],
       [-5.8165650e-05,  2.3489038e-03,  2.0942332e-02,  4.0917113e-02,
         2.0942332e-02,  2.3489038e-03, -5.8165650e-05],
       [-8.4630519e-05,  3.4176346e-03,  3.0470915e-02,  5.9534051e-02,
         3.0470915e-02,  3.4176346e-03, -8.4630519e-05],
       [-9.5898948e-05,  3.8726875e-03,  3.4528069e-02,  6.7460917e-02,
         3.4528069e-02,  3.8726875e-03, -9.5898948e-05],
       [-8.4630519e-05,  3.4176346e-03,  3.0470915e-02,  5.9534051e-02,
         3.0470915e-02,  3.4176346e-03, -8.4630519e-05],
       [-5.8165650e-05,  2.3489038e-03,  2.0942332e-02,  4.0917113e-02,
         2.0942332e-02,  2.3489038e-03, -5.8165650e-05],
       [-3.1133830e-05,  1.2572776e-03,  1.1209623e-02,  2.1901352e-02,
         1.1209623e-02,  1.2572776e-03, -3.1133830e-05]], dtype=float32), array([[-1.8526121e-06, -1.2263770e-05,  4.9524789e-04,  4.4155261e-03,
         8.6270524e-03,  4.4155261e-03,  4.9524789e-04, -1.2263770e-05,
        -1.8526121e-06],
       [-4.4441849e-06, -2.9419256e-05,  1.1880379e-03,  1.0592297e-02,
         2.0695223e-02,  1.0592297e-02,  1.1880379e-03, -2.9419256e-05,
        -4.4441849e-06],
       [-8.3028317e-06, -5.4962406e-05,  2.2195471e-03,  1.9789016e-02,
         3.8663764e-02,  1.9789016e-02,  2.2195471e-03, -5.4962406e-05,
        -8.3028317e-06],
       [-1.2080547e-05, -7.9969825e-05,  3.2294218e-03,  2.8792849e-02,
         5.6255445e-02,  2.8792849e-02,  3.2294218e-03, -7.9969825e-05,
        -1.2080547e-05],
       [-1.3689054e-05, -9.0617687e-05,  3.6594144e-03,  3.2626569e-02,
         6.3745774e-02,  3.2626569e-02,  3.6594144e-03, -9.0617687e-05,
        -1.3689054e-05],
       [-1.2080547e-05, -7.9969825e-05,  3.2294218e-03,  2.8792849e-02,
         5.6255445e-02,  2.8792849e-02,  3.2294218e-03, -7.9969825e-05,
        -1.2080547e-05],
       [-8.3028317e-06, -5.4962406e-05,  2.2195471e-03,  1.9789016e-02,
         3.8663764e-02,  1.9789016e-02,  2.2195471e-03, -5.4962406e-05,
        -8.3028317e-06],
       [-4.4441849e-06, -2.9419256e-05,  1.1880379e-03,  1.0592297e-02,
         2.0695223e-02,  1.0592297e-02,  1.1880379e-03, -2.9419256e-05,
        -4.4441849e-06],
       [-1.8526121e-06, -1.2263770e-05,  4.9524789e-04,  4.4155261e-03,
         8.6270524e-03,  4.4155261e-03,  4.9524789e-04, -1.2263770e-05,
        -1.8526121e-06]], dtype=float32), array([[-9.76572334e-09, -5.90856757e-07, -3.91130561e-06,
         1.57950257e-04,  1.40825135e-03,  2.75144051e-03,
         1.40825135e-03,  1.57950257e-04, -3.91130561e-06,
        -5.90856757e-07, -9.76572334e-09],
       [-3.00805425e-08, -1.81996688e-06, -1.20476689e-05,
         4.86521050e-04,  4.33771918e-03,  8.47503357e-03,
         4.33771918e-03,  4.86521050e-04, -1.20476689e-05,
        -1.81996688e-06, -3.00805425e-08],
       [-7.21594731e-08, -4.36587334e-06, -2.89008531e-05,
         1.16710330e-03,  1.04056485e-02,  2.03305483e-02,
         1.04056485e-02,  1.16710330e-03, -2.89008531e-05,
        -4.36587334e-06, -7.21594731e-08],
       [-1.34811657e-07, -8.15652584e-06, -5.39939028e-05,
         2.18043616e-03,  1.94403101e-02,  3.79824638e-02,
         1.94403101e-02,  2.18043616e-03, -5.39939028e-05,
        -8.15652584e-06, -1.34811657e-07],
       [-1.96149799e-07, -1.18676744e-05, -7.85606680e-05,
         3.17251566e-03,  2.82854848e-02,  5.52641600e-02,
         2.82854848e-02,  3.17251566e-03, -7.85606680e-05,
        -1.18676744e-05, -1.96149799e-07],
       [-2.22266834e-07, -1.34478369e-05, -8.90208976e-05,
         3.59493098e-03,  3.20516527e-02,  6.26224950e-02,
         3.20516527e-02,  3.59493098e-03, -8.90208976e-05,
        -1.34478369e-05, -2.22266834e-07],
       [-1.96149799e-07, -1.18676744e-05, -7.85606680e-05,
         3.17251566e-03,  2.82854848e-02,  5.52641600e-02,
         2.82854848e-02,  3.17251566e-03, -7.85606680e-05,
        -1.18676744e-05, -1.96149799e-07],
       [-1.34811657e-07, -8.15652584e-06, -5.39939028e-05,
         2.18043616e-03,  1.94403101e-02,  3.79824638e-02,
         1.94403101e-02,  2.18043616e-03, -5.39939028e-05,
        -8.15652584e-06, -1.34811657e-07],
       [-7.21594731e-08, -4.36587334e-06, -2.89008531e-05,
         1.16710330e-03,  1.04056485e-02,  2.03305483e-02,
         1.04056485e-02,  1.16710330e-03, -2.89008531e-05,
        -4.36587334e-06, -7.21594731e-08],
       [-3.00805425e-08, -1.81996688e-06, -1.20476689e-05,
         4.86521050e-04,  4.33771918e-03,  8.47503357e-03,
         4.33771918e-03,  4.86521050e-04, -1.20476689e-05,
        -1.81996688e-06, -3.00805425e-08],
       [-9.76572334e-09, -5.90856757e-07, -3.91130561e-06,
         1.57950257e-04,  1.40825135e-03,  2.75144051e-03,
         1.40825135e-03,  1.57950257e-04, -3.91130561e-06,
        -5.90856757e-07, -9.76572334e-09]], dtype=float32), array([[-1.0202640e-11, -2.4582072e-09, -1.4872921e-07, -9.8454541e-07,
         3.9758903e-05,  3.5448206e-04,  6.9258676e-04,  3.5448206e-04,
         3.9758903e-05, -9.8454541e-07, -1.4872921e-07, -2.4582072e-09,
        -1.0202640e-11],
       [-4.0352222e-11, -9.7223989e-09, -5.8823548e-07, -3.8939534e-06,
         1.5724952e-04,  1.4020037e-03,  2.7392339e-03,  1.4020037e-03,
         1.5724952e-04, -3.8939534e-06, -5.8823548e-07, -9.7223989e-09,
        -4.0352222e-11],
       [-1.2429360e-10, -2.9947092e-08, -1.8118927e-06, -1.1994221e-05,
         4.8436262e-04,  4.3184757e-03,  8.4374342e-03,  4.3184757e-03,
         4.8436262e-04, -1.1994221e-05, -1.8118927e-06, -2.9947092e-08,
        -1.2429360e-10],
       [-2.9816485e-10, -7.1839345e-08, -4.3465043e-06, -2.8772638e-05,
         1.1619255e-03,  1.0359485e-02,  2.0240353e-02,  1.0359485e-02,
         1.1619255e-03, -2.8772638e-05, -4.3465043e-06, -7.1839345e-08,
        -2.9816485e-10],
       [-5.5704524e-10, -1.3421358e-07, -8.1203398e-06, -5.3754364e-05,
         2.1707627e-03,  1.9354064e-02,  3.7813958e-02,  1.9354064e-02,
         2.1707627e-03, -5.3754364e-05, -8.1203398e-06, -1.3421358e-07,
        -5.5704524e-10],
       [-8.1049606e-10, -1.9527960e-07, -1.1815024e-05, -7.8212135e-05,
         3.1584410e-03,  2.8159998e-02,  5.5018984e-02,  2.8159998e-02,
         3.1584410e-03, -7.8212135e-05, -1.1815024e-05, -1.9527960e-07,
        -8.1049606e-10],
       [-9.1841229e-10, -2.2128076e-07, -1.3388177e-05, -8.8625966e-05,
         3.5789825e-03,  3.1909458e-02,  6.2344678e-02,  3.1909458e-02,
         3.5789825e-03, -8.8625966e-05, -1.3388177e-05, -2.2128076e-07,
        -9.1841229e-10],
       [-8.1049606e-10, -1.9527960e-07, -1.1815024e-05, -7.8212135e-05,
         3.1584410e-03,  2.8159998e-02,  5.5018984e-02,  2.8159998e-02,
         3.1584410e-03, -7.8212135e-05, -1.1815024e-05, -1.9527960e-07,
        -8.1049606e-10],
       [-5.5704524e-10, -1.3421358e-07, -8.1203398e-06, -5.3754364e-05,
         2.1707627e-03,  1.9354064e-02,  3.7813958e-02,  1.9354064e-02,
         2.1707627e-03, -5.3754364e-05, -8.1203398e-06, -1.3421358e-07,
        -5.5704524e-10],
       [-2.9816485e-10, -7.1839345e-08, -4.3465043e-06, -2.8772638e-05,
         1.1619255e-03,  1.0359485e-02,  2.0240353e-02,  1.0359485e-02,
         1.1619255e-03, -2.8772638e-05, -4.3465043e-06, -7.1839345e-08,
        -2.9816485e-10],
       [-1.2429360e-10, -2.9947092e-08, -1.8118927e-06, -1.1994221e-05,
         4.8436262e-04,  4.3184757e-03,  8.4374342e-03,  4.3184757e-03,
         4.8436262e-04, -1.1994221e-05, -1.8118927e-06, -2.9947092e-08,
        -1.2429360e-10],
       [-4.0352222e-11, -9.7223989e-09, -5.8823548e-07, -3.8939534e-06,
         1.5724952e-04,  1.4020037e-03,  2.7392339e-03,  1.4020037e-03,
         1.5724952e-04, -3.8939534e-06, -5.8823548e-07, -9.7223989e-09,
        -4.0352222e-11],
       [-1.0202640e-11, -2.4582072e-09, -1.4872921e-07, -9.8454541e-07,
         3.9758903e-05,  3.5448206e-04,  6.9258676e-04,  3.5448206e-04,
         3.9758903e-05, -9.8454541e-07, -1.4872921e-07, -2.4582072e-09,
        -1.0202640e-11]], dtype=float32), array([[-2.12165871e-15, -2.00726501e-12, -4.83627194e-10,
        -2.92609528e-08, -1.93699279e-07,  7.82215830e-06,
         6.97407231e-05,  1.36259390e-04,  6.97407231e-05,
         7.82215830e-06, -1.93699279e-07, -2.92609528e-08,
        -4.83627194e-10, -2.00726501e-12, -2.12165871e-15],
       [-1.07746724e-14, -1.01937339e-11, -2.45606135e-09,
        -1.48599383e-07, -9.83686050e-07,  3.97242002e-05,
         3.54172633e-04,  6.91982219e-04,  3.54172633e-04,
         3.97242002e-05, -9.83686050e-07, -1.48599383e-07,
        -2.45606135e-09, -1.01937339e-11, -1.07746724e-14],
       [-4.26146545e-14, -4.03169963e-11, -9.71391145e-09,
        -5.87722013e-07, -3.89055413e-06,  1.57112270e-04,
         1.40077993e-03,  2.73684296e-03,  1.40077993e-03,
         1.57112270e-04, -3.89055413e-06, -5.87722013e-07,
        -9.71391145e-09, -4.03169963e-11, -4.26146545e-14],
       [-1.31262378e-13, -1.24185107e-10, -2.99209546e-08,
        -1.81031112e-06, -1.19837505e-05,  4.83939832e-04,
         4.31470573e-03,  8.43006931e-03,  4.31470573e-03,
         4.83939832e-04, -1.19837505e-05, -1.81031112e-06,
        -2.99209546e-08, -1.24185107e-10, -1.31262378e-13],
       [-3.14882072e-13, -2.97904590e-10, -7.17766397e-08,
        -4.34271033e-06, -2.87475232e-05,  1.16091128e-03,
         1.03504416e-02,  2.02226862e-02,  1.03504416e-02,
         1.16091128e-03, -2.87475232e-05, -4.34271033e-06,
        -7.17766397e-08, -2.97904590e-10, -3.14882072e-13],
       [-5.88277148e-13, -5.56558966e-10, -1.34096425e-07,
        -8.11325208e-06, -5.37074411e-05,  2.16886797e-03,
         1.93371698e-02,  3.77809517e-02,  1.93371698e-02,
         2.16886797e-03, -5.37074411e-05, -8.11325208e-06,
        -1.34096425e-07, -5.56558966e-10, -5.88277148e-13],
       [-8.55938259e-13, -8.09788570e-10, -1.95109138e-07,
        -1.18047110e-05, -7.81438648e-05,  3.15568410e-03,
         2.81354170e-02,  5.49709573e-02,  2.81354170e-02,
         3.15568410e-03, -7.81438648e-05, -1.18047110e-05,
        -1.95109138e-07, -8.09788570e-10, -8.55938259e-13],
       [-9.69905146e-13, -9.17610654e-10, -2.21087603e-07,
        -1.33764906e-05, -8.85486006e-05,  3.57585843e-03,
         3.18816043e-02,  6.22902587e-02,  3.18816043e-02,
         3.57585843e-03, -8.85486006e-05, -1.33764906e-05,
        -2.21087603e-07, -9.17610654e-10, -9.69905146e-13],
       [-8.55938259e-13, -8.09788570e-10, -1.95109138e-07,
        -1.18047110e-05, -7.81438648e-05,  3.15568410e-03,
         2.81354170e-02,  5.49709573e-02,  2.81354170e-02,
         3.15568410e-03, -7.81438648e-05, -1.18047110e-05,
        -1.95109138e-07, -8.09788570e-10, -8.55938259e-13],
       [-5.88277148e-13, -5.56558966e-10, -1.34096425e-07,
        -8.11325208e-06, -5.37074411e-05,  2.16886797e-03,
         1.93371698e-02,  3.77809517e-02,  1.93371698e-02,
         2.16886797e-03, -5.37074411e-05, -8.11325208e-06,
        -1.34096425e-07, -5.56558966e-10, -5.88277148e-13],
       [-3.14882072e-13, -2.97904590e-10, -7.17766397e-08,
        -4.34271033e-06, -2.87475232e-05,  1.16091128e-03,
         1.03504416e-02,  2.02226862e-02,  1.03504416e-02,
         1.16091128e-03, -2.87475232e-05, -4.34271033e-06,
        -7.17766397e-08, -2.97904590e-10, -3.14882072e-13],
       [-1.31262378e-13, -1.24185107e-10, -2.99209546e-08,
        -1.81031112e-06, -1.19837505e-05,  4.83939832e-04,
         4.31470573e-03,  8.43006931e-03,  4.31470573e-03,
         4.83939832e-04, -1.19837505e-05, -1.81031112e-06,
        -2.99209546e-08, -1.24185107e-10, -1.31262378e-13],
       [-4.26146545e-14, -4.03169963e-11, -9.71391145e-09,
        -5.87722013e-07, -3.89055413e-06,  1.57112270e-04,
         1.40077993e-03,  2.73684296e-03,  1.40077993e-03,
         1.57112270e-04, -3.89055413e-06, -5.87722013e-07,
        -9.71391145e-09, -4.03169963e-11, -4.26146545e-14],
       [-1.07746724e-14, -1.01937339e-11, -2.45606135e-09,
        -1.48599383e-07, -9.83686050e-07,  3.97242002e-05,
         3.54172633e-04,  6.91982219e-04,  3.54172633e-04,
         3.97242002e-05, -9.83686050e-07, -1.48599383e-07,
        -2.45606135e-09, -1.01937339e-11, -1.07746724e-14],
       [-2.12165871e-15, -2.00726501e-12, -4.83627194e-10,
        -2.92609528e-08, -1.93699279e-07,  7.82215830e-06,
         6.97407231e-05,  1.36259390e-04,  6.97407231e-05,
         7.82215830e-06, -1.93699279e-07, -2.92609528e-08,
        -4.83627194e-10, -2.00726501e-12, -2.12165871e-15]], dtype=float32), array([[-4.7741117e-20, -3.2532339e-16, -3.0778291e-13, -7.4156709e-11,
        -4.4867123e-09, -2.9700772e-08,  1.1994065e-06,  1.0693656e-05,
         2.0893258e-05,  1.0693656e-05,  1.1994065e-06, -2.9700772e-08,
        -4.4867123e-09, -7.4156709e-11, -3.0778291e-13, -3.2532339e-16,
        -4.7741117e-20],
       [-3.1131121e-19, -2.1213750e-15, -2.0069966e-12, -4.8356252e-10,
        -2.9257039e-08, -1.9367337e-07,  7.8211124e-06,  6.9731395e-05,
         1.3624116e-04,  6.9731395e-05,  7.8211124e-06, -1.9367337e-07,
        -2.9257039e-08, -4.8356252e-10, -2.0069966e-12, -2.1213750e-15,
        -3.1131121e-19],
       [-1.5809687e-18, -1.0773231e-14, -1.0192370e-11, -2.4557330e-09,
        -1.4857950e-07, -9.8355451e-07,  3.9718885e-05,  3.5412525e-04,
         6.9188967e-04,  3.5412525e-04,  3.9718885e-05, -9.8355451e-07,
        -1.4857950e-07, -2.4557330e-09, -1.0192370e-11, -1.0773231e-14,
        -1.5809687e-18],
       [-6.2528526e-18, -4.2608952e-14, -4.0311605e-11, -9.7126129e-09,
        -5.8764340e-07, -3.8900339e-06,  1.5709124e-04,  1.4005925e-03,
         2.7364769e-03,  1.4005925e-03,  1.5709124e-04, -3.8900339e-06,
        -5.8764340e-07, -9.7126129e-09, -4.0311605e-11, -4.2608952e-14,
        -6.2528526e-18],
       [-1.9260141e-17, -1.3124483e-13, -1.2416849e-10, -2.9916951e-08,
        -1.8100690e-06, -1.1982148e-05,  4.8387510e-04,  4.3141288e-03,
         8.4289415e-03,  4.3141288e-03,  4.8387510e-04, -1.1982148e-05,
        -1.8100690e-06, -2.9916951e-08, -1.2416849e-10, -1.3124483e-13,
        -1.9260141e-17],
       [-4.6202679e-17, -3.1483995e-13, -2.9786473e-10, -7.1767040e-08,
        -4.3421296e-06, -2.8743678e-05,  1.1607560e-03,  1.0349058e-02,
         2.0219980e-02,  1.0349058e-02,  1.1607560e-03, -2.8743678e-05,
        -4.3421296e-06, -7.1767040e-08, -2.9786473e-10, -3.1483995e-13,
        -4.6202679e-17],
       [-8.6317971e-17, -5.8819844e-13, -5.5648453e-10, -1.3407848e-07,
        -8.1121661e-06, -5.3700260e-05,  2.1685779e-03,  1.9334584e-02,
         3.7775896e-02,  1.9334584e-02,  2.1685779e-03, -5.3700260e-05,
        -8.1121661e-06, -1.3407848e-07, -5.5648453e-10, -5.8819844e-13,
        -8.6317971e-17],
       [-1.2559189e-16, -8.5582377e-13, -8.0968027e-10, -1.9508303e-07,
        -1.1803132e-05, -7.8133417e-05,  3.1552620e-03,  2.8131654e-02,
         5.4963604e-02,  2.8131654e-02,  3.1552620e-03, -7.8133417e-05,
        -1.1803132e-05, -1.9508303e-07, -8.0968027e-10, -8.5582377e-13,
        -1.2559189e-16],
       [-1.4231427e-16, -9.6977537e-13, -9.1748792e-10, -2.2105803e-07,
        -1.3374701e-05, -8.8536755e-05,  3.5753802e-03,  3.1877339e-02,
         6.2281925e-02,  3.1877339e-02,  3.5753802e-03, -8.8536755e-05,
        -1.3374701e-05, -2.2105803e-07, -9.1748792e-10, -9.6977537e-13,
        -1.4231427e-16],
       [-1.2559189e-16, -8.5582377e-13, -8.0968027e-10, -1.9508303e-07,
        -1.1803132e-05, -7.8133417e-05,  3.1552620e-03,  2.8131654e-02,
         5.4963604e-02,  2.8131654e-02,  3.1552620e-03, -7.8133417e-05,
        -1.1803132e-05, -1.9508303e-07, -8.0968027e-10, -8.5582377e-13,
        -1.2559189e-16],
       [-8.6317971e-17, -5.8819844e-13, -5.5648453e-10, -1.3407848e-07,
        -8.1121661e-06, -5.3700260e-05,  2.1685779e-03,  1.9334584e-02,
         3.7775896e-02,  1.9334584e-02,  2.1685779e-03, -5.3700260e-05,
        -8.1121661e-06, -1.3407848e-07, -5.5648453e-10, -5.8819844e-13,
        -8.6317971e-17],
       [-4.6202679e-17, -3.1483995e-13, -2.9786473e-10, -7.1767040e-08,
        -4.3421296e-06, -2.8743678e-05,  1.1607560e-03,  1.0349058e-02,
         2.0219980e-02,  1.0349058e-02,  1.1607560e-03, -2.8743678e-05,
        -4.3421296e-06, -7.1767040e-08, -2.9786473e-10, -3.1483995e-13,
        -4.6202679e-17],
       [-1.9260141e-17, -1.3124483e-13, -1.2416849e-10, -2.9916951e-08,
        -1.8100690e-06, -1.1982148e-05,  4.8387510e-04,  4.3141288e-03,
         8.4289415e-03,  4.3141288e-03,  4.8387510e-04, -1.1982148e-05,
        -1.8100690e-06, -2.9916951e-08, -1.2416849e-10, -1.3124483e-13,
        -1.9260141e-17],
       [-6.2528526e-18, -4.2608952e-14, -4.0311605e-11, -9.7126129e-09,
        -5.8764340e-07, -3.8900339e-06,  1.5709124e-04,  1.4005925e-03,
         2.7364769e-03,  1.4005925e-03,  1.5709124e-04, -3.8900339e-06,
        -5.8764340e-07, -9.7126129e-09, -4.0311605e-11, -4.2608952e-14,
        -6.2528526e-18],
       [-1.5809687e-18, -1.0773231e-14, -1.0192370e-11, -2.4557330e-09,
        -1.4857950e-07, -9.8355451e-07,  3.9718885e-05,  3.5412525e-04,
         6.9188967e-04,  3.5412525e-04,  3.9718885e-05, -9.8355451e-07,
        -1.4857950e-07, -2.4557330e-09, -1.0192370e-11, -1.0773231e-14,
        -1.5809687e-18],
       [-3.1131121e-19, -2.1213750e-15, -2.0069966e-12, -4.8356252e-10,
        -2.9257039e-08, -1.9367337e-07,  7.8211124e-06,  6.9731395e-05,
         1.3624116e-04,  6.9731395e-05,  7.8211124e-06, -1.9367337e-07,
        -2.9257039e-08, -4.8356252e-10, -2.0069966e-12, -2.1213750e-15,
        -3.1131121e-19],
       [-4.7741117e-20, -3.2532339e-16, -3.0778291e-13, -7.4156709e-11,
        -4.4867123e-09, -2.9700772e-08,  1.1994065e-06,  1.0693656e-05,
         2.0893258e-05,  1.0693656e-05,  1.1994065e-06, -2.9700772e-08,
        -4.4867123e-09, -7.4156709e-11, -3.0778291e-13, -3.2532339e-16,
        -4.7741117e-20]], dtype=float32), array([[ 4.8234835e-04,  1.3233267e-04, -5.6980528e-02,  2.7878949e-01,
        -2.0097713e-01, -4.7167298e-01,  5.1599085e-01],
       [ 1.3233267e-04, -7.3164448e-02,  4.5964617e-01, -4.2546859e-01,
        -1.2821400e+00,  1.8009851e+00, -4.7167298e-01],
       [-5.6980528e-02,  4.5964617e-01, -5.4631251e-01, -2.1138916e+00,
         3.8126855e+00, -1.2821400e+00, -2.0097713e-01],
       [ 2.7878949e-01, -4.2546859e-01, -2.1138916e+00,  4.8955851e+00,
        -2.1138916e+00, -4.2546859e-01,  2.7878949e-01],
       [-2.0097713e-01, -1.2821400e+00,  3.8126855e+00, -2.1138916e+00,
        -5.4631251e-01,  4.5964617e-01, -5.6980528e-02],
       [-4.7167298e-01,  1.8009851e+00, -1.2821400e+00, -4.2546859e-01,
         4.5964617e-01, -7.3164448e-02,  1.3233267e-04],
       [ 5.1599085e-01, -4.7167298e-01, -2.0097713e-01,  2.7878949e-01,
        -5.6980528e-02,  1.3233267e-04,  4.8234835e-04]], dtype=float32), array([[ 2.44069696e-07, -2.81445973e-05,  5.01858653e-04,
         1.07229454e-04, -3.59583572e-02,  1.37017533e-01,
        -7.69259334e-02, -1.40602648e-01,  1.19790100e-01],
       [-2.81445973e-05,  6.44399261e-04,  1.76791480e-04,
        -7.61238486e-02,  3.72452289e-01, -2.68497914e-01,
        -6.30137384e-01,  6.89344347e-01, -1.40602648e-01],
       [ 5.01858653e-04,  1.76791480e-04, -9.77449492e-02,
         6.14069998e-01, -5.68410039e-01, -1.71289086e+00,
         2.40604854e+00, -6.30137384e-01, -7.69259334e-02],
       [ 1.07229454e-04, -7.61238486e-02,  6.14069998e-01,
        -7.29852974e-01, -2.82407975e+00,  5.09360456e+00,
        -1.71289086e+00, -2.68497914e-01,  1.37017533e-01],
       [-3.59583572e-02,  3.72452289e-01, -5.68410039e-01,
        -2.82407975e+00,  6.54031754e+00, -2.82407975e+00,
        -5.68410039e-01,  3.72452289e-01, -3.59583572e-02],
       [ 1.37017533e-01, -2.68497914e-01, -1.71289086e+00,
         5.09360456e+00, -2.82407975e+00, -7.29852974e-01,
         6.14069998e-01, -7.61238486e-02,  1.07229454e-04],
       [-7.69259334e-02, -6.30137384e-01,  2.40604854e+00,
        -1.71289086e+00, -5.68410039e-01,  6.14069998e-01,
        -9.77449492e-02,  1.76791480e-04,  5.01858653e-04],
       [-1.40602648e-01,  6.89344347e-01, -6.30137384e-01,
        -2.68497914e-01,  3.72452289e-01, -7.61238486e-02,
         1.76791480e-04,  6.44399261e-04, -2.81445973e-05],
       [ 1.19790100e-01, -1.40602648e-01, -7.69259334e-02,
         1.37017533e-01, -3.59583572e-02,  1.07229454e-04,
         5.01858653e-04, -2.81445973e-05,  2.44069696e-07]], dtype=float32), array([[-9.39204131e-11,  5.77330894e-09,  1.96633039e-07,
        -1.76589147e-05,  2.45231786e-04,  4.08071101e-05,
        -1.06573189e-02,  3.16264667e-02, -1.38284555e-02,
        -1.96843352e-02,  1.30609432e-02],
       [ 5.77330894e-09,  2.52481811e-07, -2.91146298e-05,
         5.19155699e-04,  1.10925226e-04, -3.71976979e-02,
         1.41739979e-01, -7.95772672e-02, -1.45448670e-01,
         1.23918787e-01, -1.96843352e-02],
       [ 1.96633039e-07, -2.91146298e-05,  6.66609150e-04,
         1.82884789e-04, -7.87475333e-02,  3.85289252e-01,
        -2.77751952e-01, -6.51855707e-01,  7.13103354e-01,
        -1.45448670e-01, -1.38284555e-02],
       [-1.76589147e-05,  5.19155699e-04,  1.82884789e-04,
        -1.01113833e-01,  6.35234535e-01, -5.88000894e-01,
        -1.77192736e+00,  2.48897529e+00, -6.51855707e-01,
        -7.95772672e-02,  3.16264667e-02],
       [ 2.45231786e-04,  1.10925226e-04, -7.87475333e-02,
         6.35234535e-01, -7.55008101e-01, -2.92141461e+00,
         5.26916075e+00, -1.77192736e+00, -2.77751952e-01,
         1.41739979e-01, -1.06573189e-02],
       [ 4.08071101e-05, -3.71976979e-02,  3.85289252e-01,
        -5.88000894e-01, -2.92141461e+00,  6.76573610e+00,
        -2.92141461e+00, -5.88000894e-01,  3.85289252e-01,
        -3.71976979e-02,  4.08071101e-05],
       [-1.06573189e-02,  1.41739979e-01, -2.77751952e-01,
        -1.77192736e+00,  5.26916075e+00, -2.92141461e+00,
        -7.55008101e-01,  6.35234535e-01, -7.87475333e-02,
         1.10925226e-04,  2.45231786e-04],
       [ 3.16264667e-02, -7.95772672e-02, -6.51855707e-01,
         2.48897529e+00, -1.77192736e+00, -5.88000894e-01,
         6.35234535e-01, -1.01113833e-01,  1.82884789e-04,
         5.19155699e-04, -1.76589147e-05],
       [-1.38284555e-02, -1.45448670e-01,  7.13103354e-01,
        -6.51855707e-01, -2.77751952e-01,  3.85289252e-01,
        -7.87475333e-02,  1.82884789e-04,  6.66609150e-04,
        -2.91146298e-05,  1.96633039e-07],
       [-1.96843352e-02,  1.23918787e-01, -1.45448670e-01,
        -7.95772672e-02,  1.41739979e-01, -3.71976979e-02,
         1.10925226e-04,  5.19155699e-04, -2.91146298e-05,
         2.52481811e-07,  5.77330894e-09],
       [ 1.30609432e-02, -1.96843352e-02, -1.38284555e-02,
         3.16264667e-02, -1.06573189e-02,  4.08071101e-05,
         2.45231786e-04, -1.76589147e-05,  1.96633039e-07,
         5.77330894e-09, -9.39204131e-11]], dtype=float32), array([[ 4.31656487e-16,  2.84663298e-13, -7.32132271e-11,
         3.50494145e-09,  9.29691453e-08, -6.50238553e-06,
         7.03253390e-05,  9.11375355e-06, -1.85368455e-03,
         4.28415230e-03, -1.45886221e-03, -1.61728950e-03,
         8.35733663e-04],
       [ 2.84663298e-13, -9.40076419e-11,  5.77867088e-09,
         1.96815677e-07, -1.76753165e-05,  2.45459552e-04,
         4.08450105e-05, -1.06672179e-02,  3.16558406e-02,
        -1.38412993e-02, -1.97026189e-02,  1.30730746e-02,
        -1.61728950e-03],
       [-7.32132271e-11,  5.77867088e-09,  2.52716319e-07,
        -2.91416709e-05,  5.19637892e-04,  1.11028246e-04,
        -3.72322462e-02,  1.41871631e-01, -7.96511769e-02,
        -1.45583749e-01,  1.24033876e-01, -1.97026189e-02,
        -1.45886221e-03],
       [ 3.50494145e-09,  1.96815677e-07, -2.91416709e-05,
         6.67228247e-04,  1.83054639e-04, -7.88206682e-02,
         3.85647088e-01, -2.78009921e-01, -6.52461112e-01,
         7.13765621e-01, -1.45583749e-01, -1.38412993e-02,
         4.28415230e-03],
       [ 9.29691453e-08, -1.76753165e-05,  5.19637892e-04,
         1.83054639e-04, -1.01207741e-01,  6.35824561e-01,
        -5.88546991e-01, -1.77357316e+00,  2.49128699e+00,
        -6.52461112e-01, -7.96511769e-02,  3.16558406e-02,
        -1.85368455e-03],
       [-6.50238553e-06,  2.45459552e-04,  1.11028246e-04,
        -7.88206682e-02,  6.35824561e-01, -7.55709350e-01,
        -2.92412782e+00,  5.27405453e+00, -1.77357316e+00,
        -2.78009921e-01,  1.41871631e-01, -1.06672179e-02,
         9.11375355e-06],
       [ 7.03253390e-05,  4.08450105e-05, -3.72322462e-02,
         3.85647088e-01, -5.88546991e-01, -2.92412782e+00,
         6.77202034e+00, -2.92412782e+00, -5.88546991e-01,
         3.85647088e-01, -3.72322462e-02,  4.08450105e-05,
         7.03253390e-05],
       [ 9.11375355e-06, -1.06672179e-02,  1.41871631e-01,
        -2.78009921e-01, -1.77357316e+00,  5.27405453e+00,
        -2.92412782e+00, -7.55709350e-01,  6.35824561e-01,
        -7.88206682e-02,  1.11028246e-04,  2.45459552e-04,
        -6.50238553e-06],
       [-1.85368455e-03,  3.16558406e-02, -7.96511769e-02,
        -6.52461112e-01,  2.49128699e+00, -1.77357316e+00,
        -5.88546991e-01,  6.35824561e-01, -1.01207741e-01,
         1.83054639e-04,  5.19637892e-04, -1.76753165e-05,
         9.29691453e-08],
       [ 4.28415230e-03, -1.38412993e-02, -1.45583749e-01,
         7.13765621e-01, -6.52461112e-01, -2.78009921e-01,
         3.85647088e-01, -7.88206682e-02,  1.83054639e-04,
         6.67228247e-04, -2.91416709e-05,  1.96815677e-07,
         3.50494145e-09],
       [-1.45886221e-03, -1.97026189e-02,  1.24033876e-01,
        -1.45583749e-01, -7.96511769e-02,  1.41871631e-01,
        -3.72322462e-02,  1.11028246e-04,  5.19637892e-04,
        -2.91416709e-05,  2.52716319e-07,  5.77867088e-09,
        -7.32132271e-11],
       [-1.61728950e-03,  1.30730746e-02, -1.97026189e-02,
        -1.38412993e-02,  3.16558406e-02, -1.06672179e-02,
         4.08450105e-05,  2.45459552e-04, -1.76753165e-05,
         1.96815677e-07,  5.77867088e-09, -9.40076419e-11,
         2.84663298e-13],
       [ 8.35733663e-04, -1.61728950e-03, -1.45886221e-03,
         4.28415230e-03, -1.85368455e-03,  9.11375355e-06,
         7.03253390e-05, -6.50238553e-06,  9.29691453e-08,
         3.50494145e-09, -7.32132271e-11,  2.84663298e-13,
         4.31656487e-16]], dtype=float32), array([[ 2.9567961e-21, -2.6728778e-18,  3.3615305e-16,  1.7264604e-13,
        -3.4581279e-11,  1.2893139e-09,  2.6634410e-08, -1.4507860e-06,
         1.2219934e-05,  1.2333340e-06, -1.9536448e-04,  3.5164229e-04,
        -9.3256007e-05, -8.0514983e-05,  3.2402852e-05],
       [-2.6728778e-18,  4.3162904e-16,  2.8464519e-13, -7.3208578e-11,
         3.5047185e-09,  9.2963234e-08, -6.5019722e-06,  7.0320872e-05,
         9.1131742e-06, -1.8535667e-03,  4.2838799e-03, -1.4587694e-03,
        -1.6171867e-03,  8.3568052e-04, -8.0514983e-05],
       [ 3.3615305e-16,  2.8464519e-13, -9.4001668e-11,  5.7783036e-09,
         1.9680316e-07, -1.7674192e-05,  2.4544395e-04,  4.0842417e-05,
        -1.0666540e-02,  3.1653829e-02, -1.3840419e-02, -1.9701365e-02,
         1.3072243e-02, -1.6171867e-03, -9.3256007e-05],
       [ 1.7264604e-13, -7.3208578e-11,  5.7783036e-09,  2.5270026e-07,
        -2.9139819e-05,  5.1960489e-04,  1.1102119e-04, -3.7229881e-02,
         1.4186262e-01, -7.9646111e-02, -1.4557450e-01,  1.2402599e-01,
        -1.9701365e-02, -1.4587694e-03,  3.5164229e-04],
       [-3.4581279e-11,  3.5047185e-09,  1.9680316e-07, -2.9139819e-05,
         6.6718587e-04,  1.8304301e-04, -7.8815661e-02,  3.8562256e-01,
        -2.7799225e-01, -6.5241963e-01,  7.1372026e-01, -1.4557450e-01,
        -1.3840419e-02,  4.2838799e-03, -1.9536448e-04],
       [ 1.2893139e-09,  9.2963234e-08, -1.7674192e-05,  5.1960489e-04,
         1.8304301e-04, -1.0120131e-01,  6.3578415e-01, -5.8850956e-01,
        -1.7734604e+00,  2.4911287e+00, -6.5241963e-01, -7.9646111e-02,
         3.1653829e-02, -1.8535667e-03,  1.2333340e-06],
       [ 2.6634410e-08, -6.5019722e-06,  2.4544395e-04,  1.1102119e-04,
        -7.8815661e-02,  6.3578415e-01, -7.5566131e-01, -2.9239421e+00,
         5.2737193e+00, -1.7734604e+00, -2.7799225e-01,  1.4186262e-01,
        -1.0666540e-02,  9.1131742e-06,  1.2219934e-05],
       [-1.4507860e-06,  7.0320872e-05,  4.0842417e-05, -3.7229881e-02,
         3.8562256e-01, -5.8850956e-01, -2.9239421e+00,  6.7715898e+00,
        -2.9239421e+00, -5.8850956e-01,  3.8562256e-01, -3.7229881e-02,
         4.0842417e-05,  7.0320872e-05, -1.4507860e-06],
       [ 1.2219934e-05,  9.1131742e-06, -1.0666540e-02,  1.4186262e-01,
        -2.7799225e-01, -1.7734604e+00,  5.2737193e+00, -2.9239421e+00,
        -7.5566131e-01,  6.3578415e-01, -7.8815661e-02,  1.1102119e-04,
         2.4544395e-04, -6.5019722e-06,  2.6634410e-08],
       [ 1.2333340e-06, -1.8535667e-03,  3.1653829e-02, -7.9646111e-02,
        -6.5241963e-01,  2.4911287e+00, -1.7734604e+00, -5.8850956e-01,
         6.3578415e-01, -1.0120131e-01,  1.8304301e-04,  5.1960489e-04,
        -1.7674192e-05,  9.2963234e-08,  1.2893139e-09],
       [-1.9536448e-04,  4.2838799e-03, -1.3840419e-02, -1.4557450e-01,
         7.1372026e-01, -6.5241963e-01, -2.7799225e-01,  3.8562256e-01,
        -7.8815661e-02,  1.8304301e-04,  6.6718587e-04, -2.9139819e-05,
         1.9680316e-07,  3.5047185e-09, -3.4581279e-11],
       [ 3.5164229e-04, -1.4587694e-03, -1.9701365e-02,  1.2402599e-01,
        -1.4557450e-01, -7.9646111e-02,  1.4186262e-01, -3.7229881e-02,
         1.1102119e-04,  5.1960489e-04, -2.9139819e-05,  2.5270026e-07,
         5.7783036e-09, -7.3208578e-11,  1.7264604e-13],
       [-9.3256007e-05, -1.6171867e-03,  1.3072243e-02, -1.9701365e-02,
        -1.3840419e-02,  3.1653829e-02, -1.0666540e-02,  4.0842417e-05,
         2.4544395e-04, -1.7674192e-05,  1.9680316e-07,  5.7783036e-09,
        -9.4001668e-11,  2.8464519e-13,  3.3615305e-16],
       [-8.0514983e-05,  8.3568052e-04, -1.6171867e-03, -1.4587694e-03,
         4.2838799e-03, -1.8535667e-03,  9.1131742e-06,  7.0320872e-05,
        -6.5019722e-06,  9.2963234e-08,  3.5047185e-09, -7.3208578e-11,
         2.8464519e-13,  4.3162904e-16, -2.6728778e-18],
       [ 3.2402852e-05, -8.0514983e-05, -9.3256007e-05,  3.5164229e-04,
        -1.9536448e-04,  1.2333340e-06,  1.2219934e-05, -1.4507860e-06,
         2.6634410e-08,  1.2893139e-09, -3.4581279e-11,  1.7264604e-13,
         3.3615305e-16, -2.6728778e-18,  2.9567961e-21]], dtype=float32), array([[-8.47181723e-28, -1.05881626e-25,  2.30274966e-21,
        -1.62117836e-18,  1.58787073e-16,  6.35127733e-14,
        -9.90767884e-12,  2.87684127e-10,  4.62835548e-09,
        -1.96342071e-07,  1.28796853e-06,  1.01237980e-07,
        -1.24892031e-05,  1.75071964e-05, -3.61591924e-06,
        -2.43133582e-06,  7.62040202e-07],
       [-1.05881626e-25,  2.95678881e-21, -2.67287119e-18,
         3.36152225e-16,  1.72645616e-13, -3.45811955e-11,
         1.28931077e-09,  2.66343463e-08, -1.45078263e-06,
         1.22199053e-05,  1.23333109e-06, -1.95364017e-04,
         3.51641414e-04, -9.32557814e-05, -8.05147865e-05,
         3.24027715e-05, -2.43133582e-06],
       [ 2.30274966e-21, -2.67287119e-18,  4.31627979e-16,
         2.84644487e-13, -7.32083977e-11,  3.50471008e-09,
         9.29630062e-08, -6.50195625e-06,  7.03206970e-05,
         9.11315237e-06, -1.85356219e-03,  4.28386917e-03,
        -1.45876594e-03, -1.61718274e-03,  8.35678482e-04,
        -8.05147865e-05, -3.61591924e-06],
       [-1.62117836e-18,  3.36152225e-16,  2.84644487e-13,
        -9.40014386e-11,  5.77828985e-09,  1.96802688e-07,
        -1.76741505e-05,  2.45443371e-04,  4.08423184e-05,
        -1.06665138e-02,  3.16537544e-02, -1.38403857e-02,
        -1.97013188e-02,  1.30722113e-02, -1.61718274e-03,
        -9.32557814e-05,  1.75071964e-05],
       [ 1.58787073e-16,  1.72645616e-13, -7.32083977e-11,
         5.77828985e-09,  2.52699635e-07, -2.91397482e-05,
         5.19603607e-04,  1.11020920e-04, -3.72297913e-02,
         1.41862273e-01, -7.96459168e-02, -1.45574152e-01,
         1.24025695e-01, -1.97013188e-02, -1.45876594e-03,
         3.51641414e-04, -1.24892031e-05],
       [ 6.35127733e-14, -3.45811955e-11,  3.50471008e-09,
         1.96802688e-07, -2.91397482e-05,  6.67184242e-04,
         1.83042561e-04, -7.88154677e-02,  3.85621637e-01,
        -2.77991593e-01, -6.52418077e-01,  7.13718534e-01,
        -1.45574152e-01, -1.38403857e-02,  4.28386917e-03,
        -1.95364017e-04,  1.01237980e-07],
       [-9.90767884e-12,  1.28931077e-09,  9.29630062e-08,
        -1.76741505e-05,  5.19603607e-04,  1.83042561e-04,
        -1.01201065e-01,  6.35782599e-01, -5.88508189e-01,
        -1.77345610e+00,  2.49112272e+00, -6.52418077e-01,
        -7.96459168e-02,  3.16537544e-02, -1.85356219e-03,
         1.23333109e-06,  1.28796853e-06],
       [ 2.87684127e-10,  2.66343463e-08, -6.50195625e-06,
         2.45443371e-04,  1.11020920e-04, -7.88154677e-02,
         6.35782599e-01, -7.55659461e-01, -2.92393494e+00,
         5.27370644e+00, -1.77345610e+00, -2.77991593e-01,
         1.41862273e-01, -1.06665138e-02,  9.11315237e-06,
         1.22199053e-05, -1.96342071e-07],
       [ 4.62835548e-09, -1.45078263e-06,  7.03206970e-05,
         4.08423184e-05, -3.72297913e-02,  3.85621637e-01,
        -5.88508189e-01, -2.92393494e+00,  6.77157307e+00,
        -2.92393494e+00, -5.88508189e-01,  3.85621637e-01,
        -3.72297913e-02,  4.08423184e-05,  7.03206970e-05,
        -1.45078263e-06,  4.62835548e-09],
       [-1.96342071e-07,  1.22199053e-05,  9.11315237e-06,
        -1.06665138e-02,  1.41862273e-01, -2.77991593e-01,
        -1.77345610e+00,  5.27370644e+00, -2.92393494e+00,
        -7.55659461e-01,  6.35782599e-01, -7.88154677e-02,
         1.11020920e-04,  2.45443371e-04, -6.50195625e-06,
         2.66343463e-08,  2.87684127e-10],
       [ 1.28796853e-06,  1.23333109e-06, -1.85356219e-03,
         3.16537544e-02, -7.96459168e-02, -6.52418077e-01,
         2.49112272e+00, -1.77345610e+00, -5.88508189e-01,
         6.35782599e-01, -1.01201065e-01,  1.83042561e-04,
         5.19603607e-04, -1.76741505e-05,  9.29630062e-08,
         1.28931077e-09, -9.90767884e-12],
       [ 1.01237980e-07, -1.95364017e-04,  4.28386917e-03,
        -1.38403857e-02, -1.45574152e-01,  7.13718534e-01,
        -6.52418077e-01, -2.77991593e-01,  3.85621637e-01,
        -7.88154677e-02,  1.83042561e-04,  6.67184242e-04,
        -2.91397482e-05,  1.96802688e-07,  3.50471008e-09,
        -3.45811955e-11,  6.35127733e-14],
       [-1.24892031e-05,  3.51641414e-04, -1.45876594e-03,
        -1.97013188e-02,  1.24025695e-01, -1.45574152e-01,
        -7.96459168e-02,  1.41862273e-01, -3.72297913e-02,
         1.11020920e-04,  5.19603607e-04, -2.91397482e-05,
         2.52699635e-07,  5.77828985e-09, -7.32083977e-11,
         1.72645616e-13,  1.58787073e-16],
       [ 1.75071964e-05, -9.32557814e-05, -1.61718274e-03,
         1.30722113e-02, -1.97013188e-02, -1.38403857e-02,
         3.16537544e-02, -1.06665138e-02,  4.08423184e-05,
         2.45443371e-04, -1.76741505e-05,  1.96802688e-07,
         5.77828985e-09, -9.40014386e-11,  2.84644487e-13,
         3.36152225e-16, -1.62117836e-18],
       [-3.61591924e-06, -8.05147865e-05,  8.35678482e-04,
        -1.61718274e-03, -1.45876594e-03,  4.28386917e-03,
        -1.85356219e-03,  9.11315237e-06,  7.03206970e-05,
        -6.50195625e-06,  9.29630062e-08,  3.50471008e-09,
        -7.32083977e-11,  2.84644487e-13,  4.31627979e-16,
        -2.67287119e-18,  2.30274966e-21],
       [-2.43133582e-06,  3.24027715e-05, -8.05147865e-05,
        -9.32557814e-05,  3.51641414e-04, -1.95364017e-04,
         1.23333109e-06,  1.22199053e-05, -1.45078263e-06,
         2.66343463e-08,  1.28931077e-09, -3.45811955e-11,
         1.72645616e-13,  3.36152225e-16, -2.67287119e-18,
         2.95678881e-21, -1.05881626e-25],
       [ 7.62040202e-07, -2.43133582e-06, -3.61591924e-06,
         1.75071964e-05, -1.24892031e-05,  1.01237980e-07,
         1.28796853e-06, -1.96342071e-07,  4.62835548e-09,
         2.87684127e-10, -9.90767884e-12,  6.35127733e-14,
         1.58787073e-16, -1.62117836e-18,  2.30274966e-21,
        -1.05881626e-25, -8.47181723e-28]], dtype=float32), array([[-3.1133830e-05, -5.8165650e-05, -8.4630519e-05, -9.5898948e-05,
        -8.4630519e-05, -5.8165650e-05, -3.1133830e-05],
       [ 1.2572776e-03,  2.3489038e-03,  3.4176346e-03,  3.8726875e-03,
         3.4176346e-03,  2.3489038e-03,  1.2572776e-03],
       [ 1.1209623e-02,  2.0942332e-02,  3.0470915e-02,  3.4528069e-02,
         3.0470915e-02,  2.0942332e-02,  1.1209623e-02],
       [ 2.1901352e-02,  4.0917113e-02,  5.9534051e-02,  6.7460917e-02,
         5.9534051e-02,  4.0917113e-02,  2.1901352e-02],
       [ 1.1209623e-02,  2.0942332e-02,  3.0470915e-02,  3.4528069e-02,
         3.0470915e-02,  2.0942332e-02,  1.1209623e-02],
       [ 1.2572776e-03,  2.3489038e-03,  3.4176346e-03,  3.8726875e-03,
         3.4176346e-03,  2.3489038e-03,  1.2572776e-03],
       [-3.1133830e-05, -5.8165650e-05, -8.4630519e-05, -9.5898948e-05,
        -8.4630519e-05, -5.8165650e-05, -3.1133830e-05]], dtype=float32), array([[-1.8526121e-06, -4.4441849e-06, -8.3028317e-06, -1.2080547e-05,
        -1.3689054e-05, -1.2080547e-05, -8.3028317e-06, -4.4441849e-06,
        -1.8526121e-06],
       [-1.2263770e-05, -2.9419256e-05, -5.4962406e-05, -7.9969825e-05,
        -9.0617687e-05, -7.9969825e-05, -5.4962406e-05, -2.9419256e-05,
        -1.2263770e-05],
       [ 4.9524789e-04,  1.1880379e-03,  2.2195471e-03,  3.2294218e-03,
         3.6594144e-03,  3.2294218e-03,  2.2195471e-03,  1.1880379e-03,
         4.9524789e-04],
       [ 4.4155261e-03,  1.0592297e-02,  1.9789016e-02,  2.8792849e-02,
         3.2626569e-02,  2.8792849e-02,  1.9789016e-02,  1.0592297e-02,
         4.4155261e-03],
       [ 8.6270524e-03,  2.0695223e-02,  3.8663764e-02,  5.6255445e-02,
         6.3745774e-02,  5.6255445e-02,  3.8663764e-02,  2.0695223e-02,
         8.6270524e-03],
       [ 4.4155261e-03,  1.0592297e-02,  1.9789016e-02,  2.8792849e-02,
         3.2626569e-02,  2.8792849e-02,  1.9789016e-02,  1.0592297e-02,
         4.4155261e-03],
       [ 4.9524789e-04,  1.1880379e-03,  2.2195471e-03,  3.2294218e-03,
         3.6594144e-03,  3.2294218e-03,  2.2195471e-03,  1.1880379e-03,
         4.9524789e-04],
       [-1.2263770e-05, -2.9419256e-05, -5.4962406e-05, -7.9969825e-05,
        -9.0617687e-05, -7.9969825e-05, -5.4962406e-05, -2.9419256e-05,
        -1.2263770e-05],
       [-1.8526121e-06, -4.4441849e-06, -8.3028317e-06, -1.2080547e-05,
        -1.3689054e-05, -1.2080547e-05, -8.3028317e-06, -4.4441849e-06,
        -1.8526121e-06]], dtype=float32), array([[-9.76572334e-09, -3.00805425e-08, -7.21594731e-08,
        -1.34811657e-07, -1.96149799e-07, -2.22266834e-07,
        -1.96149799e-07, -1.34811657e-07, -7.21594731e-08,
        -3.00805425e-08, -9.76572334e-09],
       [-5.90856757e-07, -1.81996688e-06, -4.36587334e-06,
        -8.15652584e-06, -1.18676744e-05, -1.34478369e-05,
        -1.18676744e-05, -8.15652584e-06, -4.36587334e-06,
        -1.81996688e-06, -5.90856757e-07],
       [-3.91130561e-06, -1.20476689e-05, -2.89008531e-05,
        -5.39939028e-05, -7.85606680e-05, -8.90208976e-05,
        -7.85606680e-05, -5.39939028e-05, -2.89008531e-05,
        -1.20476689e-05, -3.91130561e-06],
       [ 1.57950257e-04,  4.86521050e-04,  1.16710330e-03,
         2.18043616e-03,  3.17251566e-03,  3.59493098e-03,
         3.17251566e-03,  2.18043616e-03,  1.16710330e-03,
         4.86521050e-04,  1.57950257e-04],
       [ 1.40825135e-03,  4.33771918e-03,  1.04056485e-02,
         1.94403101e-02,  2.82854848e-02,  3.20516527e-02,
         2.82854848e-02,  1.94403101e-02,  1.04056485e-02,
         4.33771918e-03,  1.40825135e-03],
       [ 2.75144051e-03,  8.47503357e-03,  2.03305483e-02,
         3.79824638e-02,  5.52641600e-02,  6.26224950e-02,
         5.52641600e-02,  3.79824638e-02,  2.03305483e-02,
         8.47503357e-03,  2.75144051e-03],
       [ 1.40825135e-03,  4.33771918e-03,  1.04056485e-02,
