02:04:05 ->GaborKenel|变量变更 ―>

[array([[ 0.00235158, -0.00493959, -0.09945135,  0.2508516 , -0.09945135,
        -0.00493959,  0.00235158],
       [ 0.00439332, -0.00922837, -0.18579958,  0.46865252, -0.18579958,
        -0.00922837,  0.00439332],
       [ 0.00639225, -0.0134272 , -0.27033678,  0.68188536, -0.27033678,
        -0.0134272 ,  0.00639225],
       [ 0.00724336, -0.01521501, -0.30633172,  0.77267736, -0.30633172,
        -0.01521501,  0.00724336],
       [ 0.00639225, -0.0134272 , -0.27033678,  0.68188536, -0.27033678,
        -0.0134272 ,  0.00639225],
       [ 0.00439332, -0.00922837, -0.18579958,  0.46865252, -0.18579958,
        -0.00922837,  0.00439332],
       [ 0.00235158, -0.00493959, -0.09945135,  0.2508516 , -0.09945135,
        -0.00493959,  0.00235158]], dtype=float32), array([[-3.1847510e-05,  9.2931365e-04, -1.9520652e-03, -3.9301939e-02,
         9.9133447e-02, -3.9301939e-02, -1.9520652e-03,  9.2931365e-04,
        -3.1847510e-05],
       [-7.6398195e-05,  2.2293075e-03, -4.6827612e-03, -9.4280452e-02,
         2.3780878e-01, -9.4280452e-02, -4.6827612e-03,  2.2293075e-03,
        -7.6398195e-05],
       [-1.4273064e-04,  4.1648946e-03, -8.7485500e-03, -1.7613907e-01,
         4.4428527e-01, -1.7613907e-01, -8.7485500e-03,  4.1648946e-03,
        -1.4273064e-04],
       [-2.0767184e-04,  6.0598860e-03, -1.2729065e-02, -2.5628084e-01,
         6.4643127e-01, -2.5628084e-01, -1.2729065e-02,  6.0598860e-03,
        -2.0767184e-04],
       [-2.3532302e-04,  6.8667508e-03, -1.4423920e-02, -2.9040423e-01,
         7.3250258e-01, -2.9040423e-01, -1.4423920e-02,  6.8667508e-03,
        -2.3532302e-04],
       [-2.0767184e-04,  6.0598860e-03, -1.2729065e-02, -2.5628084e-01,
         6.4643127e-01, -2.5628084e-01, -1.2729065e-02,  6.0598860e-03,
        -2.0767184e-04],
       [-1.4273064e-04,  4.1648946e-03, -8.7485500e-03, -1.7613907e-01,
         4.4428527e-01, -1.7613907e-01, -8.7485500e-03,  4.1648946e-03,
        -1.4273064e-04],
       [-7.6398195e-05,  2.2293075e-03, -4.6827612e-03, -9.4280452e-02,
         2.3780878e-01, -9.4280452e-02, -4.6827612e-03,  2.2293075e-03,
        -7.6398195e-05],
       [-3.1847510e-05,  9.2931365e-04, -1.9520652e-03, -3.9301939e-02,
         9.9133447e-02, -3.9301939e-02, -1.9520652e-03,  9.2931365e-04,
        -3.1847510e-05]], dtype=float32), array([[ 4.80812403e-08, -1.01569767e-05,  2.96381651e-04,
        -6.22563006e-04, -1.25343837e-02,  3.16161662e-02,
        -1.25343837e-02, -6.22563006e-04,  2.96381651e-04,
        -1.01569767e-05,  4.80812403e-08],
       [ 1.48100654e-07, -3.12856901e-05,  9.12919757e-04,
        -1.91762904e-03, -3.86086181e-02,  9.73846465e-02,
        -3.86086181e-02, -1.91762904e-03,  9.12919757e-04,
        -3.12856901e-05,  1.48100654e-07],
       [ 3.55274977e-07, -7.50504696e-05,  2.18998059e-03,
        -4.60015330e-03, -9.26172659e-02,  2.33613610e-01,
        -9.26172659e-02, -4.60015330e-03,  2.18998059e-03,
        -7.50504696e-05,  3.55274977e-07],
       [ 6.63741048e-07, -1.40212738e-04,  4.09142254e-03,
        -8.59421771e-03, -1.73031822e-01,  4.36447710e-01,
        -1.73031822e-01, -8.59421771e-03,  4.09142254e-03,
        -1.40212738e-04,  6.63741048e-07],
       [ 9.65737513e-07, -2.04008335e-04,  5.95298456e-03,
        -1.25045124e-02, -2.51759827e-01,  6.35027647e-01,
        -2.51759827e-01, -1.25045124e-02,  5.95298456e-03,
        -2.04008335e-04,  9.65737513e-07],
       [ 1.09432403e-06, -2.31171725e-04,  6.74561551e-03,
        -1.41694695e-02, -2.85281241e-01,  7.19580591e-01,
        -2.85281241e-01, -1.41694695e-02,  6.74561551e-03,
        -2.31171725e-04,  1.09432403e-06],
       [ 9.65737513e-07, -2.04008335e-04,  5.95298456e-03,
        -1.25045124e-02, -2.51759827e-01,  6.35027647e-01,
        -2.51759827e-01, -1.25045124e-02,  5.95298456e-03,
        -2.04008335e-04,  9.65737513e-07],
       [ 6.63741048e-07, -1.40212738e-04,  4.09142254e-03,
        -8.59421771e-03, -1.73031822e-01,  4.36447710e-01,
        -1.73031822e-01, -8.59421771e-03,  4.09142254e-03,
        -1.40212738e-04,  6.63741048e-07],
       [ 3.55274977e-07, -7.50504696e-05,  2.18998059e-03,
        -4.60015330e-03, -9.26172659e-02,  2.33613610e-01,
        -9.26172659e-02, -4.60015330e-03,  2.18998059e-03,
        -7.50504696e-05,  3.55274977e-07],
       [ 1.48100654e-07, -3.12856901e-05,  9.12919757e-04,
        -1.91762904e-03, -3.86086181e-02,  9.73846465e-02,
        -3.86086181e-02, -1.91762904e-03,  9.12919757e-04,
        -3.12856901e-05,  1.48100654e-07],
       [ 4.80812403e-08, -1.01569767e-05,  2.96381651e-04,
        -6.22563006e-04, -1.25343837e-02,  3.16161662e-02,
        -1.25343837e-02, -6.22563006e-04,  2.96381651e-04,
        -1.01569767e-05,  4.80812403e-08]], dtype=float32), array([[ 5.14128774e-11,  1.21029125e-08, -2.55669352e-06,
         7.46045844e-05, -1.56710303e-04, -3.15512950e-03,
         7.95835722e-03, -3.15512950e-03, -1.56710303e-04,
         7.46045844e-05, -2.55669352e-06,  1.21029125e-08,
         5.14128774e-11],
       [ 2.03341871e-10,  4.78679461e-08, -1.01119194e-05,
         2.95066857e-04, -6.19801227e-04, -1.24787791e-02,
         3.14759128e-02, -1.24787791e-02, -6.19801227e-04,
         2.95066857e-04, -1.01119194e-05,  4.78679461e-08,
         2.03341871e-10],
       [ 6.26337038e-10,  1.47443657e-07, -3.11469048e-05,
         9.08869959e-04, -1.90912222e-03, -3.84373479e-02,
         9.69526321e-02, -3.84373479e-02, -1.90912222e-03,
         9.08869959e-04, -3.11469048e-05,  1.47443657e-07,
         6.26337038e-10],
       [ 1.50250445e-09,  3.53698937e-07, -7.47175363e-05,
         2.18026550e-03, -4.57974616e-03, -9.22064036e-02,
         2.32577279e-01, -9.22064036e-02, -4.57974616e-03,
         2.18026550e-03, -7.47175363e-05,  3.53698937e-07,
         1.50250445e-09],
       [ 2.80704815e-09,  6.60796616e-07, -1.39590746e-04,
         4.07327246e-03, -8.55609216e-03, -1.72264233e-01,
         4.34511572e-01, -1.72264233e-01, -8.55609216e-03,
         4.07327246e-03, -1.39590746e-04,  6.60796616e-07,
         2.80704815e-09],
       [ 4.08423073e-09,  9.61453452e-07, -2.03103322e-04,
         5.92657644e-03, -1.24490410e-02, -2.50642985e-01,
         6.32210612e-01, -2.50642985e-01, -1.24490410e-02,
         5.92657644e-03, -2.03103322e-04,  9.61453452e-07,
         4.08423073e-09],
       [ 4.62803973e-09,  1.08946949e-06, -2.30146223e-04,
         6.71569118e-03, -1.41066117e-02, -2.84015715e-01,
         7.16388464e-01, -2.84015715e-01, -1.41066117e-02,
         6.71569118e-03, -2.30146223e-04,  1.08946949e-06,
         4.62803973e-09],
       [ 4.08423073e-09,  9.61453452e-07, -2.03103322e-04,
         5.92657644e-03, -1.24490410e-02, -2.50642985e-01,
         6.32210612e-01, -2.50642985e-01, -1.24490410e-02,
         5.92657644e-03, -2.03103322e-04,  9.61453452e-07,
         4.08423073e-09],
       [ 2.80704815e-09,  6.60796616e-07, -1.39590746e-04,
         4.07327246e-03, -8.55609216e-03, -1.72264233e-01,
         4.34511572e-01, -1.72264233e-01, -8.55609216e-03,
         4.07327246e-03, -1.39590746e-04,  6.60796616e-07,
         2.80704815e-09],
       [ 1.50250445e-09,  3.53698937e-07, -7.47175363e-05,
         2.18026550e-03, -4.57974616e-03, -9.22064036e-02,
         2.32577279e-01, -9.22064036e-02, -4.57974616e-03,
         2.18026550e-03, -7.47175363e-05,  3.53698937e-07,
         1.50250445e-09],
       [ 6.26337038e-10,  1.47443657e-07, -3.11469048e-05,
         9.08869959e-04, -1.90912222e-03, -3.84373479e-02,
         9.69526321e-02, -3.84373479e-02, -1.90912222e-03,
         9.08869959e-04, -3.11469048e-05,  1.47443657e-07,
         6.26337038e-10],
       [ 2.03341871e-10,  4.78679461e-08, -1.01119194e-05,
         2.95066857e-04, -6.19801227e-04, -1.24787791e-02,
         3.14759128e-02, -1.24787791e-02, -6.19801227e-04,
         2.95066857e-04, -1.01119194e-05,  4.78679461e-08,
         2.03341871e-10],
       [ 5.14128774e-11,  1.21029125e-08, -2.55669352e-06,
         7.46045844e-05, -1.56710303e-04, -3.15512950e-03,
         7.95835722e-03, -3.15512950e-03, -1.56710303e-04,
         7.46045844e-05, -2.55669352e-06,  1.21029125e-08,
         5.14128774e-11]], dtype=float32), array([[-3.4510352e-14,  1.0114960e-11,  2.3811249e-09, -5.0300343e-07,
         1.4677695e-05, -3.0831157e-05, -6.2073965e-04,  1.5657258e-03,
        -6.2073965e-04, -3.0831157e-05,  1.4677695e-05, -5.0300343e-07,
         2.3811249e-09,  1.0114960e-11, -3.4510352e-14],
       [-1.7525804e-13,  5.1368011e-11,  1.2092350e-08, -2.5544623e-06,
         7.4539479e-05, -1.5657354e-04, -3.1523760e-03,  7.9514114e-03,
        -3.1523760e-03, -1.5657354e-04,  7.4539479e-05, -2.5544623e-06,
         1.2092350e-08,  5.1368011e-11, -1.7525804e-13],
       [-6.9315902e-13,  2.0316442e-10,  4.7826173e-08, -1.0103095e-05,
         2.9480938e-04, -6.1926036e-04, -1.2467889e-02,  3.1448442e-02,
        -1.2467889e-02, -6.1926036e-04,  2.9480938e-04, -1.0103095e-05,
         4.7826173e-08,  2.0316442e-10, -6.9315902e-13],
       [-2.1350801e-12,  6.2579042e-10,  1.4731499e-07, -3.1119722e-05,
         9.0807676e-04, -1.9074561e-03, -3.8403802e-02,  9.6868023e-02,
        -3.8403802e-02, -1.9074561e-03,  9.0807676e-04, -3.1119722e-05,
         1.4731499e-07,  6.2579042e-10, -2.1350801e-12],
       [-5.1217901e-12,  1.5011933e-09,  3.5339025e-07, -7.4652329e-05,
         2.1783628e-03, -4.5757494e-03, -9.2125930e-02,  2.3237431e-01,
        -9.2125930e-02, -4.5757494e-03,  2.1783628e-03, -7.4652329e-05,
         3.5339025e-07,  1.5011933e-09, -5.1217901e-12],
       [-9.5687642e-12,  2.8045983e-09,  6.6021994e-07, -1.3946892e-04,
         4.0697176e-03, -8.5486257e-03, -1.7211390e-01,  4.3413237e-01,
        -1.7211390e-01, -8.5486257e-03,  4.0697176e-03, -1.3946892e-04,
         6.6021994e-07,  2.8045983e-09, -9.5687642e-12],
       [-1.3922470e-11,  4.0806660e-09,  9.6061433e-07, -2.0292608e-04,
         5.9214039e-03, -1.2438177e-02, -2.5042424e-01,  6.3165885e-01,
        -2.5042424e-01, -1.2438177e-02,  5.9214039e-03, -2.0292608e-04,
         9.6061433e-07,  4.0806660e-09, -1.3922470e-11],
       [-1.5776226e-11,  4.6240007e-09,  1.0885186e-06, -2.2994536e-04,
         6.7098304e-03, -1.4094301e-02, -2.8376785e-01,  7.1576327e-01,
        -2.8376785e-01, -1.4094301e-02,  6.7098304e-03, -2.2994536e-04,
         1.0885186e-06,  4.6240007e-09, -1.5776226e-11],
       [-1.3922470e-11,  4.0806660e-09,  9.6061433e-07, -2.0292608e-04,
         5.9214039e-03, -1.2438177e-02, -2.5042424e-01,  6.3165885e-01,
        -2.5042424e-01, -1.2438177e-02,  5.9214039e-03, -2.0292608e-04,
         9.6061433e-07,  4.0806660e-09, -1.3922470e-11],
       [-9.5687642e-12,  2.8045983e-09,  6.6021994e-07, -1.3946892e-04,
         4.0697176e-03, -8.5486257e-03, -1.7211390e-01,  4.3413237e-01,
        -1.7211390e-01, -8.5486257e-03,  4.0697176e-03, -1.3946892e-04,
         6.6021994e-07,  2.8045983e-09, -9.5687642e-12],
       [-5.1217901e-12,  1.5011933e-09,  3.5339025e-07, -7.4652329e-05,
         2.1783628e-03, -4.5757494e-03, -9.2125930e-02,  2.3237431e-01,
        -9.2125930e-02, -4.5757494e-03,  2.1783628e-03, -7.4652329e-05,
         3.5339025e-07,  1.5011933e-09, -5.1217901e-12],
       [-2.1350801e-12,  6.2579042e-10,  1.4731499e-07, -3.1119722e-05,
         9.0807676e-04, -1.9074561e-03, -3.8403802e-02,  9.6868023e-02,
        -3.8403802e-02, -1.9074561e-03,  9.0807676e-04, -3.1119722e-05,
         1.4731499e-07,  6.2579042e-10, -2.1350801e-12],
       [-6.9315902e-13,  2.0316442e-10,  4.7826173e-08, -1.0103095e-05,
         2.9480938e-04, -6.1926036e-04, -1.2467889e-02,  3.1448442e-02,
        -1.2467889e-02, -6.1926036e-04,  2.9480938e-04, -1.0103095e-05,
         4.7826173e-08,  2.0316442e-10, -6.9315902e-13],
       [-1.7525804e-13,  5.1368011e-11,  1.2092350e-08, -2.5544623e-06,
         7.4539479e-05, -1.5657354e-04, -3.1523760e-03,  7.9514114e-03,
        -3.1523760e-03, -1.5657354e-04,  7.4539479e-05, -2.5544623e-06,
         1.2092350e-08,  5.1368011e-11, -1.7525804e-13],
       [-3.4510352e-14,  1.0114960e-11,  2.3811249e-09, -5.0300343e-07,
         1.4677695e-05, -3.0831157e-05, -6.2073965e-04,  1.5657258e-03,
        -6.2073965e-04, -3.0831157e-05,  1.4677695e-05, -5.0300343e-07,
         2.3811249e-09,  1.0114960e-11, -3.4510352e-14]], dtype=float32), array([[-9.2469226e-04, -2.2257279e-04,  1.1021094e-01, -8.7550467e-01,
         2.7083888e+00, -3.8362253e+00,  2.6034782e+00],
       [-2.2257279e-04,  1.4151365e-01, -1.4434632e+00,  5.7336593e+00,
        -1.0427941e+01,  9.0870323e+00, -3.8362253e+00],
       [ 1.1021094e-01, -1.4434632e+00,  7.3621645e+00, -1.7192768e+01,
         1.9237247e+01, -1.0427941e+01,  2.7083888e+00],
       [-8.7550467e-01,  5.7336593e+00, -1.7192768e+01,  2.4701115e+01,
        -1.7192768e+01,  5.7336593e+00, -8.7550467e-01],
       [ 2.7083888e+00, -1.0427941e+01,  1.9237247e+01, -1.7192768e+01,
         7.3621645e+00, -1.4434632e+00,  1.1021094e-01],
       [-3.8362253e+00,  9.0870323e+00, -1.0427941e+01,  5.7336593e+00,
        -1.4434632e+00,  1.4151365e-01, -2.2257279e-04],
       [ 2.6034782e+00, -3.8362253e+00,  2.7083888e+00, -8.7550467e-01,
         1.1021094e-01, -2.2257279e-04, -9.2469226e-04]], dtype=float32), array([[-8.8617080e-06,  2.5620064e-04, -2.8543556e-03, -5.3506845e-04,
         2.0634234e-01, -1.2765812e+00,  3.0755825e+00, -3.3927109e+00,
         1.7931768e+00],
       [ 2.5620064e-04, -3.6650652e-03, -8.8217866e-04,  4.3682671e-01,
        -3.4701078e+00,  1.0734838e+01, -1.5205075e+01,  1.0319019e+01,
        -3.3927109e+00],
       [-2.8543556e-03, -8.8217866e-04,  5.6089664e-01, -5.7212400e+00,
         2.2725653e+01, -4.1331680e+01,  3.6016918e+01, -1.5205075e+01,
         3.0755825e+00],
       [-5.3506845e-04,  4.3682671e-01, -5.7212400e+00,  2.9180317e+01,
        -6.8144417e+01,  7.6247818e+01, -4.1331680e+01,  1.0734838e+01,
        -1.2765812e+00],
       [ 2.0634234e-01, -3.4701078e+00,  2.2725653e+01, -6.8144417e+01,
         9.7904129e+01, -6.8144417e+01,  2.2725653e+01, -3.4701078e+00,
         2.0634234e-01],
       [-1.2765812e+00,  1.0734838e+01, -4.1331680e+01,  7.6247818e+01,
        -6.8144417e+01,  2.9180317e+01, -5.7212400e+00,  4.3682671e-01,
        -5.3506845e-04],
       [ 3.0755825e+00, -1.5205075e+01,  3.6016918e+01, -4.1331680e+01,
         2.2725653e+01, -5.7212400e+00,  5.6089664e-01, -8.8217866e-04,
        -2.8543556e-03],
       [-3.3927109e+00,  1.0319019e+01, -1.5205075e+01,  1.0734838e+01,
        -3.4701078e+00,  4.3682671e-01, -8.8217866e-04, -3.6650652e-03,
         2.5620064e-04],
       [ 1.7931768e+00, -3.3927109e+00,  3.0755825e+00, -1.2765812e+00,
         2.0634234e-01, -5.3506845e-04, -2.8543556e-03,  2.5620064e-04,
        -8.8617080e-06]], dtype=float32), array([[-2.0723998e-09,  2.1339065e-07, -1.0519614e-05,  2.3685848e-04,
        -2.0551484e-03, -3.0003424e-04,  9.0110667e-02, -4.3417290e-01,
         8.1464434e-01, -6.9986433e-01,  2.8808224e-01],
       [ 2.1339065e-07, -1.3507452e-05,  3.9051363e-04, -4.3507493e-03,
        -8.1557763e-04,  3.1451714e-01, -1.9458280e+00,  4.6879544e+00,
        -5.1713371e+00,  2.7332482e+00, -6.9986433e-01],
       [-1.0519614e-05,  3.9051363e-04, -5.5864728e-03, -1.3446602e-03,
         6.6583276e-01, -5.2893090e+00,  1.6362568e+01, -2.3176325e+01,
         1.5728757e+01, -5.1713371e+00,  8.1464434e-01],
       [ 2.3685848e-04, -4.3507493e-03, -1.3446602e-03,  8.5494620e-01,
        -8.7205963e+00,  3.4639557e+01, -6.2999783e+01,  5.4898758e+01,
        -2.3176325e+01,  4.6879544e+00, -4.3417290e-01],
       [-2.0551484e-03, -8.1557763e-04,  6.6583276e-01, -8.7205963e+00,
         4.4478073e+01, -1.0386908e+02,  1.1622067e+02, -6.2999783e+01,
         1.6362568e+01, -1.9458280e+00,  9.0110667e-02],
       [-3.0003424e-04,  3.1451714e-01, -5.2893090e+00,  3.4639557e+01,
        -1.0386908e+02,  1.4923030e+02, -1.0386908e+02,  3.4639557e+01,
        -5.2893090e+00,  3.1451714e-01, -3.0003424e-04],
       [ 9.0110667e-02, -1.9458280e+00,  1.6362568e+01, -6.2999783e+01,
         1.1622067e+02, -1.0386908e+02,  4.4478073e+01, -8.7205963e+00,
         6.6583276e-01, -8.1557763e-04, -2.0551484e-03],
       [-4.3417290e-01,  4.6879544e+00, -2.3176325e+01,  5.4898758e+01,
        -6.2999783e+01,  3.4639557e+01, -8.7205963e+00,  8.5494620e-01,
        -1.3446602e-03, -4.3507493e-03,  2.3685848e-04],
       [ 8.1464434e-01, -5.1713371e+00,  1.5728757e+01, -2.3176325e+01,
         1.6362568e+01, -5.2893090e+00,  6.6583276e-01, -1.3446602e-03,
        -5.5864728e-03,  3.9051363e-04, -1.0519614e-05],
       [-6.9986433e-01,  2.7332482e+00, -5.1713371e+00,  4.6879544e+00,
        -1.9458280e+00,  3.1451714e-01, -8.1557763e-04, -4.3507493e-03,
         3.9051363e-04, -1.3507452e-05,  2.1339065e-07],
       [ 2.8808224e-01, -6.9986433e-01,  8.1464434e-01, -4.3417290e-01,
         9.0110667e-02, -3.0003424e-04, -2.0551484e-03,  2.3685848e-04,
        -1.0519614e-05,  2.1339065e-07, -2.0723998e-09]], dtype=float32), array([[-2.93055612e-14,  1.01168822e-11, -1.67463765e-09,
         1.34291668e-07, -5.15584588e-06,  9.04097833e-05,
        -6.10936491e-04, -6.94624468e-05,  1.62473228e-02,
        -6.09669834e-02,  8.90894830e-02, -5.96071854e-02,
         1.91085450e-02],
       [ 1.01168822e-11, -2.15027729e-09,  2.21409536e-07,
        -1.09149250e-05,  2.45759264e-04, -2.13237782e-03,
        -3.11309064e-04,  9.34968889e-02, -4.50488448e-01,
         8.45257461e-01, -7.26164162e-01,  2.98907936e-01,
        -5.96071854e-02],
       [-1.67463765e-09,  2.21409536e-07, -1.40150414e-05,
         4.05188533e-04, -4.51424392e-03, -8.46225768e-04,
         3.26336205e-01, -2.01894927e+00,  4.86412048e+00,
        -5.36566782e+00,  2.83595967e+00, -7.26164162e-01,
         8.90894830e-02],
       [ 1.34291668e-07, -1.09149250e-05,  4.05188533e-04,
        -5.79640409e-03, -1.39519037e-03,  6.90853775e-01,
        -5.48807335e+00,  1.69774494e+01, -2.40472546e+01,
         1.63198204e+01, -5.36566782e+00,  8.45257461e-01,
        -6.09669834e-02],
       [-5.15584588e-06,  2.45759264e-04, -4.51424392e-03,
        -1.39519037e-03,  8.87073815e-01, -9.04830265e+00,
         3.59412575e+01, -6.53672180e+01,  5.69617691e+01,
        -2.40472546e+01,  4.86412048e+00, -4.50488448e-01,
         1.62473228e-02],
       [ 9.04097833e-05, -2.13237782e-03, -8.46225768e-04,
         6.90853775e-01, -9.04830265e+00,  4.61494942e+01,
        -1.07772316e+02,  1.20588066e+02, -6.53672180e+01,
         1.69774494e+01, -2.01894927e+00,  9.34968889e-02,
        -6.94624468e-05],
       [-6.10936491e-04, -3.11309064e-04,  3.26336205e-01,
        -5.48807335e+00,  3.59412575e+01, -1.07772316e+02,
         1.54838150e+02, -1.07772316e+02,  3.59412575e+01,
        -5.48807335e+00,  3.26336205e-01, -3.11309064e-04,
        -6.10936491e-04],
       [-6.94624468e-05,  9.34968889e-02, -2.01894927e+00,
         1.69774494e+01, -6.53672180e+01,  1.20588066e+02,
        -1.07772316e+02,  4.61494942e+01, -9.04830265e+00,
         6.90853775e-01, -8.46225768e-04, -2.13237782e-03,
         9.04097833e-05],
       [ 1.62473228e-02, -4.50488448e-01,  4.86412048e+00,
        -2.40472546e+01,  5.69617691e+01, -6.53672180e+01,
         3.59412575e+01, -9.04830265e+00,  8.87073815e-01,
        -1.39519037e-03, -4.51424392e-03,  2.45759264e-04,
        -5.15584588e-06],
       [-6.09669834e-02,  8.45257461e-01, -5.36566782e+00,
         1.63198204e+01, -2.40472546e+01,  1.69774494e+01,
        -5.48807335e+00,  6.90853775e-01, -1.39519037e-03,
        -5.79640409e-03,  4.05188533e-04, -1.09149250e-05,
         1.34291668e-07],
       [ 8.90894830e-02, -7.26164162e-01,  2.83595967e+00,
        -5.36566782e+00,  4.86412048e+00, -2.01894927e+00,
         3.26336205e-01, -8.46225768e-04, -4.51424392e-03,
         4.05188533e-04, -1.40150414e-05,  2.21409536e-07,
        -1.67463765e-09],
       [-5.96071854e-02,  2.98907936e-01, -7.26164162e-01,
         8.45257461e-01, -4.50488448e-01,  9.34968889e-02,
        -3.11309064e-04, -2.13237782e-03,  2.45759264e-04,
        -1.09149250e-05,  2.21409536e-07, -2.15027729e-09,
         1.01168822e-11],
       [ 1.91085450e-02, -5.96071854e-02,  8.90894830e-02,
        -6.09669834e-02,  1.62473228e-02, -6.94624468e-05,
        -6.10936491e-04,  9.04097833e-05, -5.15584588e-06,
         1.34291668e-07, -1.67463765e-09,  1.01168822e-11,
        -2.93055612e-14]], dtype=float32), array([[-2.62013272e-20,  3.90260769e-17, -2.28613295e-14,
         6.14645227e-12, -7.92364618e-10,  4.94856991e-08,
        -1.47964272e-06,  2.02068568e-05, -1.06342239e-04,
        -9.41642793e-06,  1.71531667e-03, -5.01283677e-03,
         5.70481643e-03, -2.97262589e-03,  7.42156699e-04],
       [ 3.90260769e-17, -2.93545265e-14,  1.01337862e-11,
        -1.67743586e-09,  1.34516071e-07, -5.16446062e-06,
         9.05608540e-05, -6.11957337e-04, -6.95785129e-05,
         1.62744727e-02, -6.10688552e-02,  8.92383456e-02,
        -5.97067848e-02,  1.91404745e-02, -2.97262589e-03],
       [-2.28613295e-14,  1.01337862e-11, -2.15387042e-09,
         2.21779501e-07, -1.09331631e-05,  2.46169919e-04,
        -2.13594083e-03, -3.11829266e-04,  9.36531126e-02,
        -4.51241195e-01,  8.46669793e-01, -7.27377594e-01,
         2.99407393e-01, -5.97067848e-02,  5.70481643e-03],
       [ 6.14645227e-12, -1.67743586e-09,  2.21779501e-07,
        -1.40384600e-05,  4.05865605e-04, -4.52178670e-03,
        -8.47639807e-04,  3.26881498e-01, -2.02232265e+00,
         4.87224817e+00, -5.37463379e+00,  2.84069824e+00,
        -7.27377594e-01,  8.92383456e-02, -5.01283677e-03],
       [-7.92364618e-10,  1.34516071e-07, -1.09331631e-05,
         4.05865605e-04, -5.80608938e-03, -1.39752170e-03,
         6.92008138e-01, -5.49724340e+00,  1.70058174e+01,
        -2.40874367e+01,  1.63470898e+01, -5.37463379e+00,
         8.46669793e-01, -6.10688552e-02,  1.71531667e-03],
       [ 4.94856991e-08, -5.16446062e-06,  2.46169919e-04,
        -4.52178670e-03, -1.39752170e-03,  8.88556063e-01,
        -9.06342220e+00,  3.60013161e+01, -6.54764404e+01,
         5.70569496e+01, -2.40874367e+01,  4.87224817e+00,
        -4.51241195e-01,  1.62744727e-02, -9.41642793e-06],
       [-1.47964272e-06,  9.05608540e-05, -2.13594083e-03,
        -8.47639807e-04,  6.92008138e-01, -9.06342220e+00,
         4.62266045e+01, -1.07952400e+02,  1.20789566e+02,
        -6.54764404e+01,  1.70058174e+01, -2.02232265e+00,
         9.36531126e-02, -6.95785129e-05, -1.06342239e-04],
       [ 2.02068568e-05, -6.11957337e-04, -3.11829266e-04,
         3.26881498e-01, -5.49724340e+00,  3.60013161e+01,
        -1.07952400e+02,  1.55096863e+02, -1.07952400e+02,
         3.60013161e+01, -5.49724340e+00,  3.26881498e-01,
        -3.11829266e-04, -6.11957337e-04,  2.02068568e-05],
       [-1.06342239e-04, -6.95785129e-05,  9.36531126e-02,
        -2.02232265e+00,  1.70058174e+01, -6.54764404e+01,
         1.20789566e+02, -1.07952400e+02,  4.62266045e+01,
        -9.06342220e+00,  6.92008138e-01, -8.47639807e-04,
        -2.13594083e-03,  9.05608540e-05, -1.47964272e-06],
       [-9.41642793e-06,  1.62744727e-02, -4.51241195e-01,
         4.87224817e+00, -2.40874367e+01,  5.70569496e+01,
        -6.54764404e+01,  3.60013161e+01, -9.06342220e+00,
         8.88556063e-01, -1.39752170e-03, -4.52178670e-03,
         2.46169919e-04, -5.16446062e-06,  4.94856991e-08],
       [ 1.71531667e-03, -6.10688552e-02,  8.46669793e-01,
        -5.37463379e+00,  1.63470898e+01, -2.40874367e+01,
         1.70058174e+01, -5.49724340e+00,  6.92008138e-01,
        -1.39752170e-03, -5.80608938e-03,  4.05865605e-04,
        -1.09331631e-05,  1.34516071e-07, -7.92364618e-10],
       [-5.01283677e-03,  8.92383456e-02, -7.27377594e-01,
         2.84069824e+00, -5.37463379e+00,  4.87224817e+00,
        -2.02232265e+00,  3.26881498e-01, -8.47639807e-04,
        -4.52178670e-03,  4.05865605e-04, -1.40384600e-05,
         2.21779501e-07, -1.67743586e-09,  6.14645227e-12],
       [ 5.70481643e-03, -5.97067848e-02,  2.99407393e-01,
        -7.27377594e-01,  8.46669793e-01, -4.51241195e-01,
         9.36531126e-02, -3.11829266e-04, -2.13594083e-03,
         2.46169919e-04, -1.09331631e-05,  2.21779501e-07,
        -2.15387042e-09,  1.01337862e-11, -2.28613295e-14],
       [-2.97262589e-03,  1.91404745e-02, -5.97067848e-02,
         8.92383456e-02, -6.10688552e-02,  1.62744727e-02,
        -6.95785129e-05, -6.11957337e-04,  9.05608540e-05,
        -5.16446062e-06,  1.34516071e-07, -1.67743586e-09,
         1.01337862e-11, -2.93545265e-14,  3.90260769e-17],
       [ 7.42156699e-04, -2.97262589e-03,  5.70481643e-03,
        -5.01283677e-03,  1.71531667e-03, -9.41642793e-06,
        -1.06342239e-04,  2.02068568e-05, -1.47964272e-06,
         4.94856991e-08, -7.92364618e-10,  6.14645227e-12,
        -2.28613295e-14,  3.90260769e-17, -2.62013272e-20]], dtype=float32), array([[ 0.00235158,  0.00439332,  0.00639225,  0.00724336,  0.00639225,
         0.00439332,  0.00235158],
       [-0.00493959, -0.00922837, -0.0134272 , -0.01521501, -0.0134272 ,
        -0.00922837, -0.00493959],
       [-0.09945134, -0.18579957, -0.27033675, -0.3063317 , -0.27033675,
        -0.18579957, -0.09945134],
       [ 0.25085157,  0.46865246,  0.6818853 ,  0.7726773 ,  0.6818853 ,
         0.46865246,  0.25085157],
       [-0.09945134, -0.18579957, -0.27033675, -0.3063317 , -0.27033675,
        -0.18579957, -0.09945134],
       [-0.00493959, -0.00922837, -0.0134272 , -0.01521501, -0.0134272 ,
        -0.00922837, -0.00493959],
       [ 0.00235158,  0.00439332,  0.00639225,  0.00724336,  0.00639225,
         0.00439332,  0.00235158]], dtype=float32), array([[-3.1847507e-05, -7.6398195e-05, -1.4273063e-04, -2.0767182e-04,
        -2.3532301e-04, -2.0767182e-04, -1.4273063e-04, -7.6398195e-05,
        -3.1847507e-05],
       [ 9.2931360e-04,  2.2293073e-03,  4.1648946e-03,  6.0598855e-03,
         6.8667503e-03,  6.0598855e-03,  4.1648946e-03,  2.2293073e-03,
         9.2931360e-04],
       [-1.9520650e-03, -4.6827607e-03, -8.7485490e-03, -1.2729064e-02,
        -1.4423919e-02, -1.2729064e-02, -8.7485490e-03, -4.6827607e-03,
        -1.9520650e-03],
       [-3.9301936e-02, -9.4280444e-02, -1.7613906e-01, -2.5628081e-01,
        -2.9040423e-01, -2.5628081e-01, -1.7613906e-01, -9.4280444e-02,
        -3.9301936e-02],
       [ 9.9133439e-02,  2.3780875e-01,  4.4428524e-01,  6.4643121e-01,
         7.3250252e-01,  6.4643121e-01,  4.4428524e-01,  2.3780875e-01,
         9.9133439e-02],
       [-3.9301936e-02, -9.4280444e-02, -1.7613906e-01, -2.5628081e-01,
        -2.9040423e-01, -2.5628081e-01, -1.7613906e-01, -9.4280444e-02,
        -3.9301936e-02],
       [-1.9520650e-03, -4.6827607e-03, -8.7485490e-03, -1.2729064e-02,
        -1.4423919e-02, -1.2729064e-02, -8.7485490e-03, -4.6827607e-03,
        -1.9520650e-03],
       [ 9.2931360e-04,  2.2293073e-03,  4.1648946e-03,  6.0598855e-03,
         6.8667503e-03,  6.0598855e-03,  4.1648946e-03,  2.2293073e-03,
         9.2931360e-04],
       [-3.1847507e-05, -7.6398195e-05, -1.4273063e-04, -2.0767182e-04,
        -2.3532301e-04, -2.0767182e-04, -1.4273063e-04, -7.6398195e-05,
        -3.1847507e-05]], dtype=float32), array([[ 4.80812545e-08,  1.48100696e-07,  3.55275063e-07,
         6.63741218e-07,  9.65737854e-07,  1.09432426e-06,
         9.65737854e-07,  6.63741218e-07,  3.55275063e-07,
         1.48100696e-07,  4.80812545e-08],
       [-1.01569794e-05, -3.12856973e-05, -7.50504842e-05,
        -1.40212782e-04, -2.04008378e-04, -2.31171784e-04,
        -2.04008378e-04, -1.40212782e-04, -7.50504842e-05,
        -3.12856973e-05, -1.01569794e-05],
       [ 2.96381739e-04,  9.12919990e-04,  2.18998105e-03,
         4.09142347e-03,  5.95298596e-03,  6.74561691e-03,
         5.95298596e-03,  4.09142347e-03,  2.18998105e-03,
         9.12919990e-04,  2.96381739e-04],
       [-6.22563181e-04, -1.91762950e-03, -4.60015424e-03,
        -8.59421957e-03, -1.25045162e-02, -1.41694732e-02,
        -1.25045162e-02, -8.59421957e-03, -4.60015424e-03,
        -1.91762950e-03, -6.22563181e-04],
       [-1.25343865e-02, -3.86086293e-02, -9.26172882e-02,
        -1.73031867e-01, -2.51759887e-01, -2.85281330e-01,
        -2.51759887e-01, -1.73031867e-01, -9.26172882e-02,
        -3.86086293e-02, -1.25343865e-02],
       [ 3.16161737e-02,  9.73846689e-02,  2.33613670e-01,
         4.36447799e-01,  6.35027826e-01,  7.19580770e-01,
         6.35027826e-01,  4.36447799e-01,  2.33613670e-01,
         9.73846689e-02,  3.16161737e-02],
       [-1.25343865e-02, -3.86086293e-02, -9.26172882e-02,
        -1.73031867e-01, -2.51759887e-01, -2.85281330e-01,
        -2.51759887e-01, -1.73031867e-01, -9.26172882e-02,
        -3.86086293e-02, -1.25343865e-02],
       [-6.22563181e-04, -1.91762950e-03, -4.60015424e-03,
        -8.59421957e-03, -1.25045162e-02, -1.41694732e-02,
        -1.25045162e-02, -8.59421957e-03, -4.60015424e-03,
        -1.91762950e-03, -6.22563181e-04],
       [ 2.96381739e-04,  9.12919990e-04,  2.18998105e-03,
         4.09142347e-03,  5.95298596e-03,  6.74561691e-03,
         5.95298596e-03,  4.09142347e-03,  2.18998105e-03,
         9.12919990e-04,  2.96381739e-04],
       [-1.01569794e-05, -3.12856973e-05, -7.50504842e-05,
        -1.40212782e-04, -2.04008378e-04, -2.31171784e-04,
        -2.04008378e-04, -1.40212782e-04, -7.50504842e-05,
        -3.12856973e-05, -1.01569794e-05],
       [ 4.80812545e-08,  1.48100696e-07,  3.55275063e-07,
         6.63741218e-07,  9.65737854e-07,  1.09432426e-06,
         9.65737854e-07,  6.63741218e-07,  3.55275063e-07,
         1.48100696e-07,  4.80812545e-08]], dtype=float32), array([[ 5.1412870e-11,  2.0334184e-10,  6.2633693e-10,  1.5025042e-09,
         2.8070475e-09,  4.0842298e-09,  4.6280388e-09,  4.0842298e-09,
         2.8070475e-09,  1.5025042e-09,  6.2633693e-10,  2.0334184e-10,
         5.1412870e-11],
       [ 1.2102911e-08,  4.7867939e-08,  1.4744364e-07,  3.5369888e-07,
         6.6079650e-07,  9.6145322e-07,  1.0894693e-06,  9.6145322e-07,
         6.6079650e-07,  3.5369888e-07,  1.4744364e-07,  4.7867939e-08,
         1.2102911e-08],
       [-2.5566931e-06, -1.0111918e-05, -3.1146898e-05, -7.4717522e-05,
        -1.3959072e-04, -2.0310329e-04, -2.3014618e-04, -2.0310329e-04,
        -1.3959072e-04, -7.4717522e-05, -3.1146898e-05, -1.0111918e-05,
        -2.5566931e-06],
       [ 7.4604577e-05,  2.9506683e-04,  9.0886978e-04,  2.1802653e-03,
         4.0732715e-03,  5.9265750e-03,  6.7156898e-03,  5.9265750e-03,
         4.0732715e-03,  2.1802653e-03,  9.0886978e-04,  2.9506683e-04,
         7.4604577e-05],
       [-1.5671027e-04, -6.1980117e-04, -1.9091219e-03, -4.5797457e-03,
        -8.5560912e-03, -1.2449039e-02, -1.4106610e-02, -1.2449039e-02,
        -8.5560912e-03, -4.5797457e-03, -1.9091219e-03, -6.1980117e-04,
        -1.5671027e-04],
       [-3.1551290e-03, -1.2478777e-02, -3.8437340e-02, -9.2206389e-02,
        -1.7226420e-01, -2.5064293e-01, -2.8401566e-01, -2.5064293e-01,
        -1.7226420e-01, -9.2206389e-02, -3.8437340e-02, -1.2478777e-02,
        -3.1551290e-03],
       [ 7.9583554e-03,  3.1475909e-02,  9.6952617e-02,  2.3257723e-01,
         4.3451148e-01,  6.3221049e-01,  7.1638834e-01,  6.3221049e-01,
         4.3451148e-01,  2.3257723e-01,  9.6952617e-02,  3.1475909e-02,
         7.9583554e-03],
       [-3.1551290e-03, -1.2478777e-02, -3.8437340e-02, -9.2206389e-02,
        -1.7226420e-01, -2.5064293e-01, -2.8401566e-01, -2.5064293e-01,
        -1.7226420e-01, -9.2206389e-02, -3.8437340e-02, -1.2478777e-02,
        -3.1551290e-03],
       [-1.5671027e-04, -6.1980117e-04, -1.9091219e-03, -4.5797457e-03,
        -8.5560912e-03, -1.2449039e-02, -1.4106610e-02, -1.2449039e-02,
        -8.5560912e-03, -4.5797457e-03, -1.9091219e-03, -6.1980117e-04,
        -1.5671027e-04],
       [ 7.4604577e-05,  2.9506683e-04,  9.0886978e-04,  2.1802653e-03,
         4.0732715e-03,  5.9265750e-03,  6.7156898e-03,  5.9265750e-03,
         4.0732715e-03,  2.1802653e-03,  9.0886978e-04,  2.9506683e-04,
         7.4604577e-05],
       [-2.5566931e-06, -1.0111918e-05, -3.1146898e-05, -7.4717522e-05,
        -1.3959072e-04, -2.0310329e-04, -2.3014618e-04, -2.0310329e-04,
        -1.3959072e-04, -7.4717522e-05, -3.1146898e-05, -1.0111918e-05,
        -2.5566931e-06],
       [ 1.2102911e-08,  4.7867939e-08,  1.4744364e-07,  3.5369888e-07,
         6.6079650e-07,  9.6145322e-07,  1.0894693e-06,  9.6145322e-07,
         6.6079650e-07,  3.5369888e-07,  1.4744364e-07,  4.7867939e-08,
         1.2102911e-08],
       [ 5.1412870e-11,  2.0334184e-10,  6.2633693e-10,  1.5025042e-09,
         2.8070475e-09,  4.0842298e-09,  4.6280388e-09,  4.0842298e-09,
         2.8070475e-09,  1.5025042e-09,  6.2633693e-10,  2.0334184e-10,
         5.1412870e-11]], dtype=float32), array([[-3.4510352e-14, -1.7525804e-13, -6.9315902e-13, -2.1350801e-12,
        -5.1217901e-12, -9.5687642e-12, -1.3922470e-11, -1.5776226e-11,
        -1.3922470e-11, -9.5687642e-12, -5.1217901e-12, -2.1350801e-12,
        -6.9315902e-13, -1.7525804e-13, -3.4510352e-14],
       [ 1.0114960e-11,  5.1368011e-11,  2.0316442e-10,  6.2579042e-10,
         1.5011933e-09,  2.8045983e-09,  4.0806660e-09,  4.6240007e-09,
         4.0806660e-09,  2.8045983e-09,  1.5011933e-09,  6.2579042e-10,
         2.0316442e-10,  5.1368011e-11,  1.0114960e-11],
       [ 2.3811249e-09,  1.2092350e-08,  4.7826173e-08,  1.4731499e-07,
         3.5339025e-07,  6.6021994e-07,  9.6061433e-07,  1.0885186e-06,
         9.6061433e-07,  6.6021994e-07,  3.5339025e-07,  1.4731499e-07,
         4.7826173e-08,  1.2092350e-08,  2.3811249e-09],
       [-5.0300343e-07, -2.5544623e-06, -1.0103095e-05, -3.1119722e-05,
        -7.4652329e-05, -1.3946892e-04, -2.0292608e-04, -2.2994536e-04,
        -2.0292608e-04, -1.3946892e-04, -7.4652329e-05, -3.1119722e-05,
        -1.0103095e-05, -2.5544623e-06, -5.0300343e-07],
       [ 1.4677695e-05,  7.4539479e-05,  2.9480938e-04,  9.0807676e-04,
         2.1783628e-03,  4.0697176e-03,  5.9214039e-03,  6.7098304e-03,
         5.9214039e-03,  4.0697176e-03,  2.1783628e-03,  9.0807676e-04,
         2.9480938e-04,  7.4539479e-05,  1.4677695e-05],
       [-3.0831157e-05, -1.5657354e-04, -6.1926036e-04, -1.9074561e-03,
        -4.5757494e-03, -8.5486257e-03, -1.2438177e-02, -1.4094301e-02,
        -1.2438177e-02, -8.5486257e-03, -4.5757494e-03, -1.9074561e-03,
        -6.1926036e-04, -1.5657354e-04, -3.0831157e-05],
       [-6.2073965e-04, -3.1523760e-03, -1.2467889e-02, -3.8403802e-02,
        -9.2125930e-02, -1.7211390e-01, -2.5042424e-01, -2.8376785e-01,
        -2.5042424e-01, -1.7211390e-01, -9.2125930e-02, -3.8403802e-02,
        -1.2467889e-02, -3.1523760e-03, -6.2073965e-04],
       [ 1.5657258e-03,  7.9514114e-03,  3.1448442e-02,  9.6868023e-02,
         2.3237431e-01,  4.3413237e-01,  6.3165885e-01,  7.1576327e-01,
         6.3165885e-01,  4.3413237e-01,  2.3237431e-01,  9.6868023e-02,
         3.1448442e-02,  7.9514114e-03,  1.5657258e-03],
       [-6.2073965e-04, -3.1523760e-03, -1.2467889e-02, -3.8403802e-02,
        -9.2125930e-02, -1.7211390e-01, -2.5042424e-01, -2.8376785e-01,
        -2.5042424e-01, -1.7211390e-01, -9.2125930e-02, -3.8403802e-02,
        -1.2467889e-02, -3.1523760e-03, -6.2073965e-04],
       [-3.0831157e-05, -1.5657354e-04, -6.1926036e-04, -1.9074561e-03,
        -4.5757494e-03, -8.5486257e-03, -1.2438177e-02, -1.4094301e-02,
        -1.2438177e-02, -8.5486257e-03, -4.5757494e-03, -1.9074561e-03,
        -6.1926036e-04, -1.5657354e-04, -3.0831157e-05],
       [ 1.4677695e-05,  7.4539479e-05,  2.9480938e-04,  9.0807676e-04,
         2.1783628e-03,  4.0697176e-03,  5.9214039e-03,  6.7098304e-03,
         5.9214039e-03,  4.0697176e-03,  2.1783628e-03,  9.0807676e-04,
         2.9480938e-04,  7.4539479e-05,  1.4677695e-05],
       [-5.0300343e-07, -2.5544623e-06, -1.0103095e-05, -3.1119722e-05,
        -7.4652329e-05, -1.3946892e-04, -2.0292608e-04, -2.2994536e-04,
        -2.0292608e-04, -1.3946892e-04, -7.4652329e-05, -3.1119722e-05,
        -1.0103095e-05, -2.5544623e-06, -5.0300343e-07],
       [ 2.3811249e-09,  1.2092350e-08,  4.7826173e-08,  1.4731499e-07,
         3.5339025e-07,  6.6021994e-07,  9.6061433e-07,  1.0885186e-06,
         9.6061433e-07,  6.6021994e-07,  3.5339025e-07,  1.4731499e-07,
         4.7826173e-08,  1.2092350e-08,  2.3811249e-09],
       [ 1.0114960e-11,  5.1368011e-11,  2.0316442e-10,  6.2579042e-10,
         1.5011933e-09,  2.8045983e-09,  4.0806660e-09,  4.6240007e-09,
         4.0806660e-09,  2.8045983e-09,  1.5011933e-09,  6.2579042e-10,
         2.0316442e-10,  5.1368011e-11,  1.0114960e-11],
       [-3.4510352e-14, -1.7525804e-13, -6.9315902e-13, -2.1350801e-12,
        -5.1217901e-12, -9.5687642e-12, -1.3922470e-11, -1.5776226e-11,
        -1.3922470e-11, -9.5687642e-12, -5.1217901e-12, -2.1350801e-12,
        -6.9315902e-13, -1.7525804e-13, -3.4510352e-14]], dtype=float32), array([[ 2.6035266e+00, -3.8362966e+00,  2.7084391e+00, -8.7552094e-01,
         1.1021299e-01, -2.2257693e-04, -9.2470949e-04],
       [-3.8362966e+00,  9.0872011e+00, -1.0428136e+01,  5.7337656e+00,
        -1.4434900e+00,  1.4151628e-01, -2.2257693e-04],
       [ 2.7084391e+00, -1.0428136e+01,  1.9237604e+01, -1.7193089e+01,
         7.3623013e+00, -1.4434900e+00,  1.1021299e-01],
       [-8.7552094e-01,  5.7337656e+00, -1.7193089e+01,  2.4701572e+01,
        -1.7193089e+01,  5.7337656e+00, -8.7552094e-01],
       [ 1.1021299e-01, -1.4434900e+00,  7.3623013e+00, -1.7193089e+01,
         1.9237604e+01, -1.0428136e+01,  2.7084391e+00],
       [-2.2257693e-04,  1.4151628e-01, -1.4434900e+00,  5.7337656e+00,
        -1.0428136e+01,  9.0872011e+00, -3.8362966e+00],
       [-9.2470949e-04, -2.2257693e-04,  1.1021299e-01, -8.7552094e-01,
         2.7084391e+00, -3.8362966e+00,  2.6035266e+00]], dtype=float32), array([[ 1.7930676e+00, -3.3925042e+00,  3.0753951e+00, -1.2765034e+00,
         2.0632976e-01, -5.3503586e-04, -2.8541817e-03,  2.5618504e-04,
        -8.8611687e-06],
       [-3.3925042e+00,  1.0318391e+01, -1.5204149e+01,  1.0734184e+01,
        -3.4698963e+00,  4.3680012e-01, -8.8212494e-04, -3.6648419e-03,
         2.5618504e-04],
       [ 3.0753951e+00, -1.5204149e+01,  3.6014725e+01, -4.1329163e+01,
         2.2724268e+01, -5.7208920e+00,  5.6086242e-01, -8.8212494e-04,
        -2.8541817e-03],
       [-1.2765034e+00,  1.0734184e+01, -4.1329163e+01,  7.6243172e+01,
        -6.8140266e+01,  2.9178539e+01, -5.7208920e+00,  4.3680012e-01,
        -5.3503586e-04],
       [ 2.0632976e-01, -3.4698963e+00,  2.2724268e+01, -6.8140266e+01,
         9.7898170e+01, -6.8140266e+01,  2.2724268e+01, -3.4698963e+00,
         2.0632976e-01],
       [-5.3503586e-04,  4.3680012e-01, -5.7208920e+00,  2.9178539e+01,
        -6.8140266e+01,  7.6243172e+01, -4.1329163e+01,  1.0734184e+01,
        -1.2765034e+00],
       [-2.8541817e-03, -8.8212494e-04,  5.6086242e-01, -5.7208920e+00,
         2.2724268e+01, -4.1329163e+01,  3.6014725e+01, -1.5204149e+01,
         3.0753951e+00],
       [ 2.5618504e-04, -3.6648419e-03, -8.8212494e-04,  4.3680012e-01,
        -3.4698963e+00,  1.0734184e+01, -1.5204149e+01,  1.0318391e+01,
        -3.3925042e+00],
       [-8.8611687e-06,  2.5618504e-04, -2.8541817e-03, -5.3503586e-04,
         2.0632976e-01, -1.2765034e+00,  3.0753951e+00, -3.3925042e+00,
         1.7930676e+00]], dtype=float32), array([[ 2.88052857e-01, -6.99792981e-01,  8.14561248e-01,
        -4.34128612e-01,  9.01014730e-02, -3.00003652e-04,
        -2.05493881e-03,  2.36834327e-04, -1.05185409e-05,
         2.13368878e-07, -2.07218820e-09],
       [-6.99792981e-01,  2.73296952e+00, -5.17080975e+00,
         4.68747616e+00, -1.94562948e+00,  3.14485073e-01,
        -8.15494452e-04, -4.35030553e-03,  3.90473811e-04,
        -1.35060745e-05,  2.13368878e-07],
       [ 8.14561248e-01, -5.17080975e+00,  1.57271528e+01,
        -2.31739597e+01,  1.63608990e+01, -5.28876925e+00,
         6.65764868e-01, -1.34452293e-03, -5.58590284e-03,
