02:05:35 ->GaborKenel|变量变更 ―>

[array([[-0.4073446 ,  1.0274677 , -0.4073446 ],
       [-0.46158195,  1.1642735 , -0.46158195],
       [-0.4073446 ,  1.0274677 , -0.4073446 ]], dtype=float32), array([[-0.01193471, -0.24028772,  0.60609096, -0.24028772, -0.01193471],
       [-0.0173649 , -0.34961656,  0.8818571 , -0.34961656, -0.0173649 ],
       [-0.01967701, -0.3961675 ,  0.999275  , -0.3961675 , -0.01967701],
       [-0.0173649 , -0.34961656,  0.8818571 , -0.34961656, -0.0173649 ],
       [-0.01193471, -0.24028772,  0.60609096, -0.24028772, -0.01193471]],
      dtype=float32), array([[ 0.00235158, -0.00493959, -0.09945135,  0.2508516 , -0.09945135,
        -0.00493959,  0.00235158],
       [ 0.00439332, -0.00922837, -0.18579958,  0.46865252, -0.18579958,
        -0.00922837,  0.00439332],
       [ 0.00639225, -0.0134272 , -0.27033678,  0.68188536, -0.27033678,
        -0.0134272 ,  0.00639225],
       [ 0.00724336, -0.01521501, -0.30633172,  0.77267736, -0.30633172,
        -0.01521501,  0.00724336],
       [ 0.00639225, -0.0134272 , -0.27033678,  0.68188536, -0.27033678,
        -0.0134272 ,  0.00639225],
       [ 0.00439332, -0.00922837, -0.18579958,  0.46865252, -0.18579958,
        -0.00922837,  0.00439332],
       [ 0.00235158, -0.00493959, -0.09945135,  0.2508516 , -0.09945135,
        -0.00493959,  0.00235158]], dtype=float32), array([[-3.1847510e-05,  9.2931365e-04, -1.9520652e-03, -3.9301939e-02,
         9.9133447e-02, -3.9301939e-02, -1.9520652e-03,  9.2931365e-04,
        -3.1847510e-05],
       [-7.6398195e-05,  2.2293075e-03, -4.6827612e-03, -9.4280452e-02,
         2.3780878e-01, -9.4280452e-02, -4.6827612e-03,  2.2293075e-03,
        -7.6398195e-05],
       [-1.4273064e-04,  4.1648946e-03, -8.7485500e-03, -1.7613907e-01,
         4.4428527e-01, -1.7613907e-01, -8.7485500e-03,  4.1648946e-03,
        -1.4273064e-04],
       [-2.0767184e-04,  6.0598860e-03, -1.2729065e-02, -2.5628084e-01,
         6.4643127e-01, -2.5628084e-01, -1.2729065e-02,  6.0598860e-03,
        -2.0767184e-04],
       [-2.3532302e-04,  6.8667508e-03, -1.4423920e-02, -2.9040423e-01,
         7.3250258e-01, -2.9040423e-01, -1.4423920e-02,  6.8667508e-03,
        -2.3532302e-04],
       [-2.0767184e-04,  6.0598860e-03, -1.2729065e-02, -2.5628084e-01,
         6.4643127e-01, -2.5628084e-01, -1.2729065e-02,  6.0598860e-03,
        -2.0767184e-04],
       [-1.4273064e-04,  4.1648946e-03, -8.7485500e-03, -1.7613907e-01,
         4.4428527e-01, -1.7613907e-01, -8.7485500e-03,  4.1648946e-03,
        -1.4273064e-04],
       [-7.6398195e-05,  2.2293075e-03, -4.6827612e-03, -9.4280452e-02,
         2.3780878e-01, -9.4280452e-02, -4.6827612e-03,  2.2293075e-03,
        -7.6398195e-05],
       [-3.1847510e-05,  9.2931365e-04, -1.9520652e-03, -3.9301939e-02,
         9.9133447e-02, -3.9301939e-02, -1.9520652e-03,  9.2931365e-04,
        -3.1847510e-05]], dtype=float32), array([[ 4.80812403e-08, -1.01569767e-05,  2.96381651e-04,
        -6.22563006e-04, -1.25343837e-02,  3.16161662e-02,
        -1.25343837e-02, -6.22563006e-04,  2.96381651e-04,
        -1.01569767e-05,  4.80812403e-08],
       [ 1.48100654e-07, -3.12856901e-05,  9.12919757e-04,
        -1.91762904e-03, -3.86086181e-02,  9.73846465e-02,
        -3.86086181e-02, -1.91762904e-03,  9.12919757e-04,
        -3.12856901e-05,  1.48100654e-07],
       [ 3.55274977e-07, -7.50504696e-05,  2.18998059e-03,
        -4.60015330e-03, -9.26172659e-02,  2.33613610e-01,
        -9.26172659e-02, -4.60015330e-03,  2.18998059e-03,
        -7.50504696e-05,  3.55274977e-07],
       [ 6.63741048e-07, -1.40212738e-04,  4.09142254e-03,
        -8.59421771e-03, -1.73031822e-01,  4.36447710e-01,
        -1.73031822e-01, -8.59421771e-03,  4.09142254e-03,
        -1.40212738e-04,  6.63741048e-07],
       [ 9.65737513e-07, -2.04008335e-04,  5.95298456e-03,
        -1.25045124e-02, -2.51759827e-01,  6.35027647e-01,
        -2.51759827e-01, -1.25045124e-02,  5.95298456e-03,
        -2.04008335e-04,  9.65737513e-07],
       [ 1.09432403e-06, -2.31171725e-04,  6.74561551e-03,
        -1.41694695e-02, -2.85281241e-01,  7.19580591e-01,
        -2.85281241e-01, -1.41694695e-02,  6.74561551e-03,
        -2.31171725e-04,  1.09432403e-06],
       [ 9.65737513e-07, -2.04008335e-04,  5.95298456e-03,
        -1.25045124e-02, -2.51759827e-01,  6.35027647e-01,
        -2.51759827e-01, -1.25045124e-02,  5.95298456e-03,
        -2.04008335e-04,  9.65737513e-07],
       [ 6.63741048e-07, -1.40212738e-04,  4.09142254e-03,
        -8.59421771e-03, -1.73031822e-01,  4.36447710e-01,
        -1.73031822e-01, -8.59421771e-03,  4.09142254e-03,
        -1.40212738e-04,  6.63741048e-07],
       [ 3.55274977e-07, -7.50504696e-05,  2.18998059e-03,
        -4.60015330e-03, -9.26172659e-02,  2.33613610e-01,
        -9.26172659e-02, -4.60015330e-03,  2.18998059e-03,
        -7.50504696e-05,  3.55274977e-07],
       [ 1.48100654e-07, -3.12856901e-05,  9.12919757e-04,
        -1.91762904e-03, -3.86086181e-02,  9.73846465e-02,
        -3.86086181e-02, -1.91762904e-03,  9.12919757e-04,
        -3.12856901e-05,  1.48100654e-07],
       [ 4.80812403e-08, -1.01569767e-05,  2.96381651e-04,
        -6.22563006e-04, -1.25343837e-02,  3.16161662e-02,
        -1.25343837e-02, -6.22563006e-04,  2.96381651e-04,
        -1.01569767e-05,  4.80812403e-08]], dtype=float32), array([[ 5.14128774e-11,  1.21029125e-08, -2.55669352e-06,
         7.46045844e-05, -1.56710303e-04, -3.15512950e-03,
         7.95835722e-03, -3.15512950e-03, -1.56710303e-04,
         7.46045844e-05, -2.55669352e-06,  1.21029125e-08,
         5.14128774e-11],
       [ 2.03341871e-10,  4.78679461e-08, -1.01119194e-05,
         2.95066857e-04, -6.19801227e-04, -1.24787791e-02,
         3.14759128e-02, -1.24787791e-02, -6.19801227e-04,
         2.95066857e-04, -1.01119194e-05,  4.78679461e-08,
         2.03341871e-10],
       [ 6.26337038e-10,  1.47443657e-07, -3.11469048e-05,
         9.08869959e-04, -1.90912222e-03, -3.84373479e-02,
         9.69526321e-02, -3.84373479e-02, -1.90912222e-03,
         9.08869959e-04, -3.11469048e-05,  1.47443657e-07,
         6.26337038e-10],
       [ 1.50250445e-09,  3.53698937e-07, -7.47175363e-05,
         2.18026550e-03, -4.57974616e-03, -9.22064036e-02,
         2.32577279e-01, -9.22064036e-02, -4.57974616e-03,
         2.18026550e-03, -7.47175363e-05,  3.53698937e-07,
         1.50250445e-09],
       [ 2.80704815e-09,  6.60796616e-07, -1.39590746e-04,
         4.07327246e-03, -8.55609216e-03, -1.72264233e-01,
         4.34511572e-01, -1.72264233e-01, -8.55609216e-03,
         4.07327246e-03, -1.39590746e-04,  6.60796616e-07,
         2.80704815e-09],
       [ 4.08423073e-09,  9.61453452e-07, -2.03103322e-04,
         5.92657644e-03, -1.24490410e-02, -2.50642985e-01,
         6.32210612e-01, -2.50642985e-01, -1.24490410e-02,
         5.92657644e-03, -2.03103322e-04,  9.61453452e-07,
         4.08423073e-09],
       [ 4.62803973e-09,  1.08946949e-06, -2.30146223e-04,
         6.71569118e-03, -1.41066117e-02, -2.84015715e-01,
         7.16388464e-01, -2.84015715e-01, -1.41066117e-02,
         6.71569118e-03, -2.30146223e-04,  1.08946949e-06,
         4.62803973e-09],
       [ 4.08423073e-09,  9.61453452e-07, -2.03103322e-04,
         5.92657644e-03, -1.24490410e-02, -2.50642985e-01,
         6.32210612e-01, -2.50642985e-01, -1.24490410e-02,
         5.92657644e-03, -2.03103322e-04,  9.61453452e-07,
         4.08423073e-09],
       [ 2.80704815e-09,  6.60796616e-07, -1.39590746e-04,
         4.07327246e-03, -8.55609216e-03, -1.72264233e-01,
         4.34511572e-01, -1.72264233e-01, -8.55609216e-03,
         4.07327246e-03, -1.39590746e-04,  6.60796616e-07,
         2.80704815e-09],
       [ 1.50250445e-09,  3.53698937e-07, -7.47175363e-05,
         2.18026550e-03, -4.57974616e-03, -9.22064036e-02,
         2.32577279e-01, -9.22064036e-02, -4.57974616e-03,
         2.18026550e-03, -7.47175363e-05,  3.53698937e-07,
         1.50250445e-09],
       [ 6.26337038e-10,  1.47443657e-07, -3.11469048e-05,
         9.08869959e-04, -1.90912222e-03, -3.84373479e-02,
         9.69526321e-02, -3.84373479e-02, -1.90912222e-03,
         9.08869959e-04, -3.11469048e-05,  1.47443657e-07,
         6.26337038e-10],
       [ 2.03341871e-10,  4.78679461e-08, -1.01119194e-05,
         2.95066857e-04, -6.19801227e-04, -1.24787791e-02,
         3.14759128e-02, -1.24787791e-02, -6.19801227e-04,
         2.95066857e-04, -1.01119194e-05,  4.78679461e-08,
         2.03341871e-10],
       [ 5.14128774e-11,  1.21029125e-08, -2.55669352e-06,
         7.46045844e-05, -1.56710303e-04, -3.15512950e-03,
         7.95835722e-03, -3.15512950e-03, -1.56710303e-04,
         7.46045844e-05, -2.55669352e-06,  1.21029125e-08,
         5.14128774e-11]], dtype=float32), array([[ 0.53764737, -1.255561  ,  1.4048661 ],
       [-1.255561  ,  1.8038838 , -1.255561  ],
       [ 1.4048661 , -1.255561  ,  0.53764737]], dtype=float32), array([[ 0.03108509, -0.31707314,  1.2594637 , -2.2906163 ,  1.9960703 ],
       [-0.31707314,  1.6171834 , -3.7765877 ,  4.225681  , -2.2906163 ],
       [ 1.2594637 , -3.7765877 ,  5.4258814 , -3.7765877 ,  1.2594637 ],
       [-2.2906163 ,  4.225681  , -3.7765877 ,  1.6171834 , -0.31707314],
       [ 1.9960703 , -2.2906163 ,  1.2594637 , -0.31707314,  0.03108509]],
      dtype=float32), array([[-9.2469226e-04, -2.2257279e-04,  1.1021094e-01, -8.7550467e-01,
         2.7083888e+00, -3.8362253e+00,  2.6034782e+00],
       [-2.2257279e-04,  1.4151365e-01, -1.4434632e+00,  5.7336593e+00,
        -1.0427941e+01,  9.0870323e+00, -3.8362253e+00],
       [ 1.1021094e-01, -1.4434632e+00,  7.3621645e+00, -1.7192768e+01,
         1.9237247e+01, -1.0427941e+01,  2.7083888e+00],
       [-8.7550467e-01,  5.7336593e+00, -1.7192768e+01,  2.4701115e+01,
        -1.7192768e+01,  5.7336593e+00, -8.7550467e-01],
       [ 2.7083888e+00, -1.0427941e+01,  1.9237247e+01, -1.7192768e+01,
         7.3621645e+00, -1.4434632e+00,  1.1021094e-01],
       [-3.8362253e+00,  9.0870323e+00, -1.0427941e+01,  5.7336593e+00,
        -1.4434632e+00,  1.4151365e-01, -2.2257279e-04],
       [ 2.6034782e+00, -3.8362253e+00,  2.7083888e+00, -8.7550467e-01,
         1.1021094e-01, -2.2257279e-04, -9.2469226e-04]], dtype=float32), array([[-8.8617080e-06,  2.5620064e-04, -2.8543556e-03, -5.3506845e-04,
         2.0634234e-01, -1.2765812e+00,  3.0755825e+00, -3.3927109e+00,
         1.7931768e+00],
       [ 2.5620064e-04, -3.6650652e-03, -8.8217866e-04,  4.3682671e-01,
        -3.4701078e+00,  1.0734838e+01, -1.5205075e+01,  1.0319019e+01,
        -3.3927109e+00],
       [-2.8543556e-03, -8.8217866e-04,  5.6089664e-01, -5.7212400e+00,
         2.2725653e+01, -4.1331680e+01,  3.6016918e+01, -1.5205075e+01,
         3.0755825e+00],
       [-5.3506845e-04,  4.3682671e-01, -5.7212400e+00,  2.9180317e+01,
        -6.8144417e+01,  7.6247818e+01, -4.1331680e+01,  1.0734838e+01,
        -1.2765812e+00],
       [ 2.0634234e-01, -3.4701078e+00,  2.2725653e+01, -6.8144417e+01,
         9.7904129e+01, -6.8144417e+01,  2.2725653e+01, -3.4701078e+00,
         2.0634234e-01],
       [-1.2765812e+00,  1.0734838e+01, -4.1331680e+01,  7.6247818e+01,
        -6.8144417e+01,  2.9180317e+01, -5.7212400e+00,  4.3682671e-01,
        -5.3506845e-04],
       [ 3.0755825e+00, -1.5205075e+01,  3.6016918e+01, -4.1331680e+01,
         2.2725653e+01, -5.7212400e+00,  5.6089664e-01, -8.8217866e-04,
        -2.8543556e-03],
       [-3.3927109e+00,  1.0319019e+01, -1.5205075e+01,  1.0734838e+01,
        -3.4701078e+00,  4.3682671e-01, -8.8217866e-04, -3.6650652e-03,
         2.5620064e-04],
       [ 1.7931768e+00, -3.3927109e+00,  3.0755825e+00, -1.2765812e+00,
         2.0634234e-01, -5.3506845e-04, -2.8543556e-03,  2.5620064e-04,
        -8.8617080e-06]], dtype=float32), array([[-2.0723998e-09,  2.1339065e-07, -1.0519614e-05,  2.3685848e-04,
        -2.0551484e-03, -3.0003424e-04,  9.0110667e-02, -4.3417290e-01,
         8.1464434e-01, -6.9986433e-01,  2.8808224e-01],
       [ 2.1339065e-07, -1.3507452e-05,  3.9051363e-04, -4.3507493e-03,
        -8.1557763e-04,  3.1451714e-01, -1.9458280e+00,  4.6879544e+00,
        -5.1713371e+00,  2.7332482e+00, -6.9986433e-01],
       [-1.0519614e-05,  3.9051363e-04, -5.5864728e-03, -1.3446602e-03,
         6.6583276e-01, -5.2893090e+00,  1.6362568e+01, -2.3176325e+01,
         1.5728757e+01, -5.1713371e+00,  8.1464434e-01],
       [ 2.3685848e-04, -4.3507493e-03, -1.3446602e-03,  8.5494620e-01,
        -8.7205963e+00,  3.4639557e+01, -6.2999783e+01,  5.4898758e+01,
        -2.3176325e+01,  4.6879544e+00, -4.3417290e-01],
       [-2.0551484e-03, -8.1557763e-04,  6.6583276e-01, -8.7205963e+00,
         4.4478073e+01, -1.0386908e+02,  1.1622067e+02, -6.2999783e+01,
         1.6362568e+01, -1.9458280e+00,  9.0110667e-02],
       [-3.0003424e-04,  3.1451714e-01, -5.2893090e+00,  3.4639557e+01,
        -1.0386908e+02,  1.4923030e+02, -1.0386908e+02,  3.4639557e+01,
        -5.2893090e+00,  3.1451714e-01, -3.0003424e-04],
       [ 9.0110667e-02, -1.9458280e+00,  1.6362568e+01, -6.2999783e+01,
         1.1622067e+02, -1.0386908e+02,  4.4478073e+01, -8.7205963e+00,
         6.6583276e-01, -8.1557763e-04, -2.0551484e-03],
       [-4.3417290e-01,  4.6879544e+00, -2.3176325e+01,  5.4898758e+01,
        -6.2999783e+01,  3.4639557e+01, -8.7205963e+00,  8.5494620e-01,
        -1.3446602e-03, -4.3507493e-03,  2.3685848e-04],
       [ 8.1464434e-01, -5.1713371e+00,  1.5728757e+01, -2.3176325e+01,
         1.6362568e+01, -5.2893090e+00,  6.6583276e-01, -1.3446602e-03,
        -5.5864728e-03,  3.9051363e-04, -1.0519614e-05],
       [-6.9986433e-01,  2.7332482e+00, -5.1713371e+00,  4.6879544e+00,
        -1.9458280e+00,  3.1451714e-01, -8.1557763e-04, -4.3507493e-03,
         3.9051363e-04, -1.3507452e-05,  2.1339065e-07],
       [ 2.8808224e-01, -6.9986433e-01,  8.1464434e-01, -4.3417290e-01,
         9.0110667e-02, -3.0003424e-04, -2.0551484e-03,  2.3685848e-04,
        -1.0519614e-05,  2.1339065e-07, -2.0723998e-09]], dtype=float32), array([[-2.93055612e-14,  1.01168822e-11, -1.67463765e-09,
         1.34291668e-07, -5.15584588e-06,  9.04097833e-05,
        -6.10936491e-04, -6.94624468e-05,  1.62473228e-02,
        -6.09669834e-02,  8.90894830e-02, -5.96071854e-02,
         1.91085450e-02],
       [ 1.01168822e-11, -2.15027729e-09,  2.21409536e-07,
        -1.09149250e-05,  2.45759264e-04, -2.13237782e-03,
        -3.11309064e-04,  9.34968889e-02, -4.50488448e-01,
         8.45257461e-01, -7.26164162e-01,  2.98907936e-01,
        -5.96071854e-02],
       [-1.67463765e-09,  2.21409536e-07, -1.40150414e-05,
         4.05188533e-04, -4.51424392e-03, -8.46225768e-04,
         3.26336205e-01, -2.01894927e+00,  4.86412048e+00,
        -5.36566782e+00,  2.83595967e+00, -7.26164162e-01,
         8.90894830e-02],
       [ 1.34291668e-07, -1.09149250e-05,  4.05188533e-04,
        -5.79640409e-03, -1.39519037e-03,  6.90853775e-01,
        -5.48807335e+00,  1.69774494e+01, -2.40472546e+01,
         1.63198204e+01, -5.36566782e+00,  8.45257461e-01,
        -6.09669834e-02],
       [-5.15584588e-06,  2.45759264e-04, -4.51424392e-03,
        -1.39519037e-03,  8.87073815e-01, -9.04830265e+00,
         3.59412575e+01, -6.53672180e+01,  5.69617691e+01,
        -2.40472546e+01,  4.86412048e+00, -4.50488448e-01,
         1.62473228e-02],
       [ 9.04097833e-05, -2.13237782e-03, -8.46225768e-04,
         6.90853775e-01, -9.04830265e+00,  4.61494942e+01,
        -1.07772316e+02,  1.20588066e+02, -6.53672180e+01,
         1.69774494e+01, -2.01894927e+00,  9.34968889e-02,
        -6.94624468e-05],
       [-6.10936491e-04, -3.11309064e-04,  3.26336205e-01,
        -5.48807335e+00,  3.59412575e+01, -1.07772316e+02,
         1.54838150e+02, -1.07772316e+02,  3.59412575e+01,
        -5.48807335e+00,  3.26336205e-01, -3.11309064e-04,
        -6.10936491e-04],
       [-6.94624468e-05,  9.34968889e-02, -2.01894927e+00,
         1.69774494e+01, -6.53672180e+01,  1.20588066e+02,
        -1.07772316e+02,  4.61494942e+01, -9.04830265e+00,
         6.90853775e-01, -8.46225768e-04, -2.13237782e-03,
         9.04097833e-05],
       [ 1.62473228e-02, -4.50488448e-01,  4.86412048e+00,
        -2.40472546e+01,  5.69617691e+01, -6.53672180e+01,
         3.59412575e+01, -9.04830265e+00,  8.87073815e-01,
        -1.39519037e-03, -4.51424392e-03,  2.45759264e-04,
        -5.15584588e-06],
       [-6.09669834e-02,  8.45257461e-01, -5.36566782e+00,
         1.63198204e+01, -2.40472546e+01,  1.69774494e+01,
        -5.48807335e+00,  6.90853775e-01, -1.39519037e-03,
        -5.79640409e-03,  4.05188533e-04, -1.09149250e-05,
         1.34291668e-07],
       [ 8.90894830e-02, -7.26164162e-01,  2.83595967e+00,
        -5.36566782e+00,  4.86412048e+00, -2.01894927e+00,
         3.26336205e-01, -8.46225768e-04, -4.51424392e-03,
         4.05188533e-04, -1.40150414e-05,  2.21409536e-07,
        -1.67463765e-09],
       [-5.96071854e-02,  2.98907936e-01, -7.26164162e-01,
         8.45257461e-01, -4.50488448e-01,  9.34968889e-02,
        -3.11309064e-04, -2.13237782e-03,  2.45759264e-04,
        -1.09149250e-05,  2.21409536e-07, -2.15027729e-09,
         1.01168822e-11],
       [ 1.91085450e-02, -5.96071854e-02,  8.90894830e-02,
        -6.09669834e-02,  1.62473228e-02, -6.94624468e-05,
        -6.10936491e-04,  9.04097833e-05, -5.15584588e-06,
         1.34291668e-07, -1.67463765e-09,  1.01168822e-11,
        -2.93055612e-14]], dtype=float32), array([[-0.40734467, -0.461582  , -0.40734467],
       [ 1.0274678 ,  1.1642736 ,  1.0274678 ],
       [-0.40734467, -0.461582  , -0.40734467]], dtype=float32), array([[-0.01193471, -0.0173649 , -0.01967701, -0.0173649 , -0.01193471],
       [-0.24028772, -0.34961656, -0.3961675 , -0.34961656, -0.24028772],
       [ 0.60609096,  0.8818571 ,  0.999275  ,  0.8818571 ,  0.60609096],
       [-0.24028772, -0.34961656, -0.3961675 , -0.34961656, -0.24028772],
       [-0.01193471, -0.0173649 , -0.01967701, -0.0173649 , -0.01193471]],
      dtype=float32), array([[ 0.00235158,  0.00439332,  0.00639225,  0.00724336,  0.00639225,
         0.00439332,  0.00235158],
       [-0.00493959, -0.00922837, -0.0134272 , -0.01521501, -0.0134272 ,
        -0.00922837, -0.00493959],
       [-0.09945134, -0.18579957, -0.27033675, -0.3063317 , -0.27033675,
        -0.18579957, -0.09945134],
       [ 0.25085157,  0.46865246,  0.6818853 ,  0.7726773 ,  0.6818853 ,
         0.46865246,  0.25085157],
       [-0.09945134, -0.18579957, -0.27033675, -0.3063317 , -0.27033675,
        -0.18579957, -0.09945134],
       [-0.00493959, -0.00922837, -0.0134272 , -0.01521501, -0.0134272 ,
        -0.00922837, -0.00493959],
       [ 0.00235158,  0.00439332,  0.00639225,  0.00724336,  0.00639225,
         0.00439332,  0.00235158]], dtype=float32), array([[-3.1847507e-05, -7.6398195e-05, -1.4273063e-04, -2.0767182e-04,
        -2.3532301e-04, -2.0767182e-04, -1.4273063e-04, -7.6398195e-05,
        -3.1847507e-05],
       [ 9.2931360e-04,  2.2293073e-03,  4.1648946e-03,  6.0598855e-03,
         6.8667503e-03,  6.0598855e-03,  4.1648946e-03,  2.2293073e-03,
         9.2931360e-04],
       [-1.9520650e-03, -4.6827607e-03, -8.7485490e-03, -1.2729064e-02,
        -1.4423919e-02, -1.2729064e-02, -8.7485490e-03, -4.6827607e-03,
        -1.9520650e-03],
       [-3.9301936e-02, -9.4280444e-02, -1.7613906e-01, -2.5628081e-01,
        -2.9040423e-01, -2.5628081e-01, -1.7613906e-01, -9.4280444e-02,
        -3.9301936e-02],
       [ 9.9133439e-02,  2.3780875e-01,  4.4428524e-01,  6.4643121e-01,
         7.3250252e-01,  6.4643121e-01,  4.4428524e-01,  2.3780875e-01,
         9.9133439e-02],
       [-3.9301936e-02, -9.4280444e-02, -1.7613906e-01, -2.5628081e-01,
        -2.9040423e-01, -2.5628081e-01, -1.7613906e-01, -9.4280444e-02,
        -3.9301936e-02],
       [-1.9520650e-03, -4.6827607e-03, -8.7485490e-03, -1.2729064e-02,
        -1.4423919e-02, -1.2729064e-02, -8.7485490e-03, -4.6827607e-03,
        -1.9520650e-03],
       [ 9.2931360e-04,  2.2293073e-03,  4.1648946e-03,  6.0598855e-03,
         6.8667503e-03,  6.0598855e-03,  4.1648946e-03,  2.2293073e-03,
         9.2931360e-04],
       [-3.1847507e-05, -7.6398195e-05, -1.4273063e-04, -2.0767182e-04,
        -2.3532301e-04, -2.0767182e-04, -1.4273063e-04, -7.6398195e-05,
        -3.1847507e-05]], dtype=float32), array([[ 4.80812545e-08,  1.48100696e-07,  3.55275063e-07,
         6.63741218e-07,  9.65737854e-07,  1.09432426e-06,
         9.65737854e-07,  6.63741218e-07,  3.55275063e-07,
         1.48100696e-07,  4.80812545e-08],
       [-1.01569794e-05, -3.12856973e-05, -7.50504842e-05,
        -1.40212782e-04, -2.04008378e-04, -2.31171784e-04,
        -2.04008378e-04, -1.40212782e-04, -7.50504842e-05,
        -3.12856973e-05, -1.01569794e-05],
       [ 2.96381739e-04,  9.12919990e-04,  2.18998105e-03,
         4.09142347e-03,  5.95298596e-03,  6.74561691e-03,
         5.95298596e-03,  4.09142347e-03,  2.18998105e-03,
         9.12919990e-04,  2.96381739e-04],
       [-6.22563181e-04, -1.91762950e-03, -4.60015424e-03,
        -8.59421957e-03, -1.25045162e-02, -1.41694732e-02,
        -1.25045162e-02, -8.59421957e-03, -4.60015424e-03,
        -1.91762950e-03, -6.22563181e-04],
       [-1.25343865e-02, -3.86086293e-02, -9.26172882e-02,
        -1.73031867e-01, -2.51759887e-01, -2.85281330e-01,
        -2.51759887e-01, -1.73031867e-01, -9.26172882e-02,
        -3.86086293e-02, -1.25343865e-02],
       [ 3.16161737e-02,  9.73846689e-02,  2.33613670e-01,
         4.36447799e-01,  6.35027826e-01,  7.19580770e-01,
         6.35027826e-01,  4.36447799e-01,  2.33613670e-01,
         9.73846689e-02,  3.16161737e-02],
       [-1.25343865e-02, -3.86086293e-02, -9.26172882e-02,
        -1.73031867e-01, -2.51759887e-01, -2.85281330e-01,
        -2.51759887e-01, -1.73031867e-01, -9.26172882e-02,
        -3.86086293e-02, -1.25343865e-02],
       [-6.22563181e-04, -1.91762950e-03, -4.60015424e-03,
        -8.59421957e-03, -1.25045162e-02, -1.41694732e-02,
        -1.25045162e-02, -8.59421957e-03, -4.60015424e-03,
        -1.91762950e-03, -6.22563181e-04],
       [ 2.96381739e-04,  9.12919990e-04,  2.18998105e-03,
         4.09142347e-03,  5.95298596e-03,  6.74561691e-03,
         5.95298596e-03,  4.09142347e-03,  2.18998105e-03,
         9.12919990e-04,  2.96381739e-04],
       [-1.01569794e-05, -3.12856973e-05, -7.50504842e-05,
        -1.40212782e-04, -2.04008378e-04, -2.31171784e-04,
        -2.04008378e-04, -1.40212782e-04, -7.50504842e-05,
        -3.12856973e-05, -1.01569794e-05],
       [ 4.80812545e-08,  1.48100696e-07,  3.55275063e-07,
         6.63741218e-07,  9.65737854e-07,  1.09432426e-06,
         9.65737854e-07,  6.63741218e-07,  3.55275063e-07,
         1.48100696e-07,  4.80812545e-08]], dtype=float32), array([[ 5.1412870e-11,  2.0334184e-10,  6.2633693e-10,  1.5025042e-09,
         2.8070475e-09,  4.0842298e-09,  4.6280388e-09,  4.0842298e-09,
         2.8070475e-09,  1.5025042e-09,  6.2633693e-10,  2.0334184e-10,
         5.1412870e-11],
       [ 1.2102911e-08,  4.7867939e-08,  1.4744364e-07,  3.5369888e-07,
         6.6079650e-07,  9.6145322e-07,  1.0894693e-06,  9.6145322e-07,
         6.6079650e-07,  3.5369888e-07,  1.4744364e-07,  4.7867939e-08,
         1.2102911e-08],
       [-2.5566931e-06, -1.0111918e-05, -3.1146898e-05, -7.4717522e-05,
        -1.3959072e-04, -2.0310329e-04, -2.3014618e-04, -2.0310329e-04,
        -1.3959072e-04, -7.4717522e-05, -3.1146898e-05, -1.0111918e-05,
        -2.5566931e-06],
       [ 7.4604577e-05,  2.9506683e-04,  9.0886978e-04,  2.1802653e-03,
         4.0732715e-03,  5.9265750e-03,  6.7156898e-03,  5.9265750e-03,
         4.0732715e-03,  2.1802653e-03,  9.0886978e-04,  2.9506683e-04,
         7.4604577e-05],
       [-1.5671027e-04, -6.1980117e-04, -1.9091219e-03, -4.5797457e-03,
        -8.5560912e-03, -1.2449039e-02, -1.4106610e-02, -1.2449039e-02,
        -8.5560912e-03, -4.5797457e-03, -1.9091219e-03, -6.1980117e-04,
        -1.5671027e-04],
       [-3.1551290e-03, -1.2478777e-02, -3.8437340e-02, -9.2206389e-02,
        -1.7226420e-01, -2.5064293e-01, -2.8401566e-01, -2.5064293e-01,
        -1.7226420e-01, -9.2206389e-02, -3.8437340e-02, -1.2478777e-02,
        -3.1551290e-03],
       [ 7.9583554e-03,  3.1475909e-02,  9.6952617e-02,  2.3257723e-01,
         4.3451148e-01,  6.3221049e-01,  7.1638834e-01,  6.3221049e-01,
         4.3451148e-01,  2.3257723e-01,  9.6952617e-02,  3.1475909e-02,
         7.9583554e-03],
       [-3.1551290e-03, -1.2478777e-02, -3.8437340e-02, -9.2206389e-02,
        -1.7226420e-01, -2.5064293e-01, -2.8401566e-01, -2.5064293e-01,
        -1.7226420e-01, -9.2206389e-02, -3.8437340e-02, -1.2478777e-02,
        -3.1551290e-03],
       [-1.5671027e-04, -6.1980117e-04, -1.9091219e-03, -4.5797457e-03,
        -8.5560912e-03, -1.2449039e-02, -1.4106610e-02, -1.2449039e-02,
        -8.5560912e-03, -4.5797457e-03, -1.9091219e-03, -6.1980117e-04,
        -1.5671027e-04],
       [ 7.4604577e-05,  2.9506683e-04,  9.0886978e-04,  2.1802653e-03,
         4.0732715e-03,  5.9265750e-03,  6.7156898e-03,  5.9265750e-03,
         4.0732715e-03,  2.1802653e-03,  9.0886978e-04,  2.9506683e-04,
         7.4604577e-05],
       [-2.5566931e-06, -1.0111918e-05, -3.1146898e-05, -7.4717522e-05,
        -1.3959072e-04, -2.0310329e-04, -2.3014618e-04, -2.0310329e-04,
        -1.3959072e-04, -7.4717522e-05, -3.1146898e-05, -1.0111918e-05,
        -2.5566931e-06],
       [ 1.2102911e-08,  4.7867939e-08,  1.4744364e-07,  3.5369888e-07,
         6.6079650e-07,  9.6145322e-07,  1.0894693e-06,  9.6145322e-07,
         6.6079650e-07,  3.5369888e-07,  1.4744364e-07,  4.7867939e-08,
         1.2102911e-08],
       [ 5.1412870e-11,  2.0334184e-10,  6.2633693e-10,  1.5025042e-09,
         2.8070475e-09,  4.0842298e-09,  4.6280388e-09,  4.0842298e-09,
         2.8070475e-09,  1.5025042e-09,  6.2633693e-10,  2.0334184e-10,
         5.1412870e-11]], dtype=float32), array([[ 1.4048661 , -1.255561  ,  0.53764737],
       [-1.255561  ,  1.8038838 , -1.255561  ],
       [ 0.53764737, -1.255561  ,  1.4048661 ]], dtype=float32), array([[ 1.9960667 , -2.2906122 ,  1.2594614 , -0.31707257,  0.03108503],
       [-2.2906122 ,  4.225673  , -3.776581  ,  1.6171805 , -0.31707257],
       [ 1.2594614 , -3.776581  ,  5.425872  , -3.776581  ,  1.2594614 ],
       [-0.31707257,  1.6171805 , -3.776581  ,  4.225673  , -2.2906122 ],
       [ 0.03108503, -0.31707257,  1.2594614 , -2.2906122 ,  1.9960667 ]],
      dtype=float32), array([[ 2.6035266e+00, -3.8362966e+00,  2.7084391e+00, -8.7552094e-01,
         1.1021299e-01, -2.2257693e-04, -9.2470949e-04],
       [-3.8362966e+00,  9.0872011e+00, -1.0428136e+01,  5.7337656e+00,
        -1.4434900e+00,  1.4151628e-01, -2.2257693e-04],
       [ 2.7084391e+00, -1.0428136e+01,  1.9237604e+01, -1.7193089e+01,
         7.3623013e+00, -1.4434900e+00,  1.1021299e-01],
       [-8.7552094e-01,  5.7337656e+00, -1.7193089e+01,  2.4701572e+01,
        -1.7193089e+01,  5.7337656e+00, -8.7552094e-01],
       [ 1.1021299e-01, -1.4434900e+00,  7.3623013e+00, -1.7193089e+01,
         1.9237604e+01, -1.0428136e+01,  2.7084391e+00],
       [-2.2257693e-04,  1.4151628e-01, -1.4434900e+00,  5.7337656e+00,
        -1.0428136e+01,  9.0872011e+00, -3.8362966e+00],
       [-9.2470949e-04, -2.2257693e-04,  1.1021299e-01, -8.7552094e-01,
         2.7084391e+00, -3.8362966e+00,  2.6035266e+00]], dtype=float32), array([[ 1.7930676e+00, -3.3925042e+00,  3.0753951e+00, -1.2765034e+00,
         2.0632976e-01, -5.3503586e-04, -2.8541817e-03,  2.5618504e-04,
        -8.8611687e-06],
       [-3.3925042e+00,  1.0318391e+01, -1.5204149e+01,  1.0734184e+01,
        -3.4698963e+00,  4.3680012e-01, -8.8212494e-04, -3.6648419e-03,
         2.5618504e-04],
       [ 3.0753951e+00, -1.5204149e+01,  3.6014725e+01, -4.1329163e+01,
         2.2724268e+01, -5.7208920e+00,  5.6086242e-01, -8.8212494e-04,
        -2.8541817e-03],
       [-1.2765034e+00,  1.0734184e+01, -4.1329163e+01,  7.6243172e+01,
        -6.8140266e+01,  2.9178539e+01, -5.7208920e+00,  4.3680012e-01,
        -5.3503586e-04],
       [ 2.0632976e-01, -3.4698963e+00,  2.2724268e+01, -6.8140266e+01,
         9.7898170e+01, -6.8140266e+01,  2.2724268e+01, -3.4698963e+00,
         2.0632976e-01],
       [-5.3503586e-04,  4.3680012e-01, -5.7208920e+00,  2.9178539e+01,
        -6.8140266e+01,  7.6243172e+01, -4.1329163e+01,  1.0734184e+01,
        -1.2765034e+00],
       [-2.8541817e-03, -8.8212494e-04,  5.6086242e-01, -5.7208920e+00,
         2.2724268e+01, -4.1329163e+01,  3.6014725e+01, -1.5204149e+01,
         3.0753951e+00],
       [ 2.5618504e-04, -3.6648419e-03, -8.8212494e-04,  4.3680012e-01,
        -3.4698963e+00,  1.0734184e+01, -1.5204149e+01,  1.0318391e+01,
        -3.3925042e+00],
       [-8.8611687e-06,  2.5618504e-04, -2.8541817e-03, -5.3503586e-04,
         2.0632976e-01, -1.2765034e+00,  3.0753951e+00, -3.3925042e+00,
         1.7930676e+00]], dtype=float32), array([[ 2.88052857e-01, -6.99792981e-01,  8.14561248e-01,
        -4.34128612e-01,  9.01014730e-02, -3.00003652e-04,
        -2.05493881e-03,  2.36834327e-04, -1.05185409e-05,
         2.13368878e-07, -2.07218820e-09],
       [-6.99792981e-01,  2.73296952e+00, -5.17080975e+00,
         4.68747616e+00, -1.94562948e+00,  3.14485073e-01,
        -8.15494452e-04, -4.35030553e-03,  3.90473811e-04,
        -1.35060745e-05,  2.13368878e-07],
       [ 8.14561248e-01, -5.17080975e+00,  1.57271528e+01,
        -2.31739597e+01,  1.63608990e+01, -5.28876925e+00,
         6.65764868e-01, -1.34452293e-03, -5.58590284e-03,
         3.90473811e-04, -1.05185409e-05],
       [-4.34128612e-01,  4.68747616e+00, -2.31739597e+01,
         5.48931580e+01, -6.29933548e+01,  3.46360245e+01,
        -8.71970654e+00,  8.54858994e-01, -1.34452293e-03,
        -4.35030553e-03,  2.36834327e-04],
       [ 9.01014730e-02, -1.94562948e+00,  1.63608990e+01,
        -6.29933548e+01,  1.16208817e+02, -1.03858482e+02,
         4.44735374e+01, -8.71970654e+00,  6.65764868e-01,
        -8.15494452e-04, -2.05493881e-03],
       [-3.00003652e-04,  3.14485073e-01, -5.28876925e+00,
         3.46360245e+01, -1.03858482e+02,  1.49215073e+02,
        -1.03858482e+02,  3.46360245e+01, -5.28876925e+00,
         3.14485073e-01, -3.00003652e-04],
       [-2.05493881e-03, -8.15494452e-04,  6.65764868e-01,
        -8.71970654e+00,  4.44735374e+01, -1.03858482e+02,
         1.16208817e+02, -6.29933548e+01,  1.63608990e+01,
        -1.94562948e+00,  9.01014730e-02],
       [ 2.36834327e-04, -4.35030553e-03, -1.34452293e-03,
         8.54858994e-01, -8.71970654e+00,  3.46360245e+01,
        -6.29933548e+01,  5.48931580e+01, -2.31739597e+01,
         4.68747616e+00, -4.34128612e-01],
       [-1.05185409e-05,  3.90473811e-04, -5.58590284e-03,
        -1.34452293e-03,  6.65764868e-01, -5.28876925e+00,
         1.63608990e+01, -2.31739597e+01,  1.57271528e+01,
        -5.17080975e+00,  8.14561248e-01],
       [ 2.13368878e-07, -1.35060745e-05,  3.90473811e-04,
        -4.35030553e-03, -8.15494452e-04,  3.14485073e-01,
        -1.94562948e+00,  4.68747616e+00, -5.17080975e+00,
         2.73296952e+00, -6.99792981e-01],
       [-2.07218820e-09,  2.13368878e-07, -1.05185409e-05,
         2.36834327e-04, -2.05493881e-03, -3.00003652e-04,
         9.01014730e-02, -4.34128612e-01,  8.14561248e-01,
        -6.99792981e-01,  2.88052857e-01]], dtype=float32), array([[ 1.91086829e-02, -5.96076176e-02,  8.90901238e-02,
        -6.09674230e-02,  1.62474401e-02, -6.94629489e-05,
        -6.10940857e-04,  9.04104381e-05, -5.15588272e-06,
         1.34292648e-07, -1.67464975e-09,  1.01169550e-11,
        -2.93057713e-14],
       [-5.96076176e-02,  2.98910081e-01, -7.26169407e-01,
         8.45263541e-01, -4.50491697e-01,  9.34975594e-02,
        -3.11311305e-04, -2.13239319e-03,  2.45761039e-04,
        -1.09150042e-05,  2.21411128e-07, -2.15029283e-09,
         1.01169550e-11],
       [ 8.90901238e-02, -7.26169407e-01,  2.83597994e+00,
        -5.36570644e+00,  4.86415529e+00, -2.01896381e+00,
         3.26338559e-01, -8.46231880e-04, -4.51427652e-03,
         4.05191473e-04, -1.40151424e-05,  2.21411128e-07,
        -1.67464975e-09],
       [-6.09674230e-02,  8.45263541e-01, -5.36570644e+00,
         1.63199368e+01, -2.40474281e+01,  1.69775715e+01,
        -5.48811293e+00,  6.90858722e-01, -1.39520050e-03,
        -5.79644553e-03,  4.05191473e-04, -1.09150042e-05,
         1.34292648e-07],
       [ 1.62474401e-02, -4.50491697e-01,  4.86415529e+00,
        -2.40474281e+01,  5.69621811e+01, -6.53676910e+01,
         3.59415169e+01, -9.04836750e+00,  8.87080193e-01,
        -1.39520050e-03, -4.51427652e-03,  2.45761039e-04,
        -5.15588272e-06],
       [-6.94629489e-05,  9.34975594e-02, -2.01896381e+00,
         1.69775715e+01, -6.53676910e+01,  1.20588936e+02,
        -1.07773094e+02,  4.61498260e+01, -9.04836750e+00,
         6.90858722e-01, -8.46231880e-04, -2.13239319e-03,
         9.04104381e-05],
       [-6.10940857e-04, -3.11311305e-04,  3.26338559e-01,
        -5.48811293e+00,  3.59415169e+01, -1.07773094e+02,
         1.54839264e+02, -1.07773094e+02,  3.59415169e+01,
        -5.48811293e+00,  3.26338559e-01, -3.11311305e-04,
        -6.10940857e-04],
       [ 9.04104381e-05, -2.13239319e-03, -8.46231880e-04,
         6.90858722e-01, -9.04836750e+00,  4.61498260e+01,
        -1.07773094e+02,  1.20588936e+02, -6.53676910e+01,
         1.69775715e+01, -2.01896381e+00,  9.34975594e-02,
        -6.94629489e-05],
       [-5.15588272e-06,  2.45761039e-04, -4.51427652e-03,
        -1.39520050e-03,  8.87080193e-01, -9.04836750e+00,
         3.59415169e+01, -6.53676910e+01,  5.69621811e+01,
        -2.40474281e+01,  4.86415529e+00, -4.50491697e-01,
         1.62474401e-02],
       [ 1.34292648e-07, -1.09150042e-05,  4.05191473e-04,
        -5.79644553e-03, -1.39520050e-03,  6.90858722e-01,
        -5.48811293e+00,  1.69775715e+01, -2.40474281e+01,
         1.63199368e+01, -5.36570644e+00,  8.45263541e-01,
        -6.09674230e-02],
       [-1.67464975e-09,  2.21411128e-07, -1.40151424e-05,
         4.05191473e-04, -4.51427652e-03, -8.46231880e-04,
         3.26338559e-01, -2.01896381e+00,  4.86415529e+00,
        -5.36570644e+00,  2.83597994e+00, -7.26169407e-01,
         8.90901238e-02],
       [ 1.01169550e-11, -2.15029283e-09,  2.21411128e-07,
        -1.09150042e-05,  2.45761039e-04, -2.13239319e-03,
        -3.11311305e-04,  9.34975594e-02, -4.50491697e-01,
         8.45263541e-01, -7.26169407e-01,  2.98910081e-01,
        -5.96076176e-02],
       [-2.93057713e-14,  1.01169550e-11, -1.67464975e-09,
         1.34292648e-07, -5.15588272e-06,  9.04104381e-05,
        -6.10940857e-04, -6.94629489e-05,  1.62474401e-02,
        -6.09674230e-02,  8.90901238e-02, -5.96076176e-02,
         1.91086829e-02]], dtype=float32)]
02:05:42 ->GaborFaceUI|变量变更 ―>

[[[62 62 62]
  [77 77 77]
  [68 68 68]
  ...
  [57 57 57]
  [45 45 45]
  [17 17 17]]

 [[62 62 62]
  [81 81 81]
  [75 75 75]
  ...
  [55 55 55]
  [44 44 44]
  [17 17 17]]

 [[63 63 63]
  [82 82 82]
  [77 77 77]
  ...
  [57 57 57]
  [43 43 43]
  [16 16 16]]

 ...

 [[37 37 37]
  [37 37 37]
  [21 21 21]
  ...
  [51 51 51]
  [36 36 36]
  [14 14 14]]

 [[36 36 36]
  [36 36 36]
  [20 20 20]
  ...
  [48 48 48]
  [38 38 38]
  [15 15 15]]

 [[37 37 37]
  [37 37 37]
  [20 20 20]
  ...
  [48 48 48]
  [38 38 38]
  [15 15 15]]]
02:05:43 ->GaborImgPre|变量变更 ―>

[[62 77 68 ... 57 45 17]
 [62 81 75 ... 55 44 17]
 [63 82 77 ... 57 43 16]
 ...
 [37 37 21 ... 51 36 14]
 [36 36 20 ... 48 38 15]
 [37 37 20 ... 48 38 15]]
02:05:43 ->GaborKenel|变量变更 ―>

[[[1278.4764    1278.4764    1278.4764   ]
  [  51.40039     51.40039     51.40039  ]
  [ 485.27274    485.27274    485.27274  ]
  ...
  [ 563.0353     563.0353     563.0353   ]
  [  79.99488     79.99488     79.99488  ]
  [ 579.359      579.359      579.359    ]]

 [[  58.73353     58.73353     58.73353  ]
  [1089.9021    1089.9021    1089.9021   ]
  [  63.752842    63.752842    63.752842 ]
  ...
  [  40.24526     40.24526     40.24526  ]
  [ 652.68835    652.68835    652.68835  ]
  [  49.518677    49.518677    49.518677 ]]

 [[ 400.42416    400.42416    400.42416  ]
  [  74.01488     74.01488     74.01488  ]
  [ 652.1076     652.1076     652.1076   ]
  ...
  [ 637.975      637.975      637.975    ]
  [  75.19297     75.19297     75.19297  ]
  [ 234.9971     234.9971     234.9971   ]]

 ...

 [[1047.3367    1047.3367    1047.3367   ]
  [  18.446806    18.446806    18.446806 ]
  [ 362.57224    362.57224    362.57224  ]
  ...
  [  37.29588     37.29588     37.29588  ]
  [1020.6737    1020.6737    1020.6737   ]
  [  42.107033    42.107033    42.107033 ]]

 [[  97.90944     97.90944     97.90944  ]
  [ 988.18616    988.18616    988.18616  ]
  [  14.1765995   14.1765995   14.1765995]
  ...
  [1030.4681    1030.4681    1030.4681   ]
  [  73.71831     73.71831     73.71831  ]
  [ 325.04816    325.04816    325.04816  ]]

 [[1120.5436    1120.5436    1120.5436   ]
  [  16.185402    16.185402    16.185402 ]
  [ 560.0605     560.0605     560.0605   ]
  ...
  [  33.557327    33.557327    33.557327 ]
  [ 402.46313    402.46313    402.46313  ]
  [  57.79985     57.79985     57.79985  ]]]
02:05:44 ->GaborKenel|变量变更 ―>

池化后结果-> [[[2.372549   2.372549   2.372549  ]
  [2.372549   2.372549   2.372549  ]
  [2.372549   2.372549   2.372549  ]
  ...
  [0.8980392  0.8980392  0.8980392 ]
  [0.8980392  0.8980392  0.8980392 ]
  [2.271996   2.271996   2.271996  ]]

 [[1.5843138  1.5843138  1.5843138 ]
  [1.5843138  1.5843138  1.5843138 ]
  [1.5843138  1.5843138  1.5843138 ]
  ...
  [1.4078431  1.4078431  1.4078431 ]
  [1.4078431  1.4078431  1.4078431 ]
  [0.19419089 0.19419089 0.19419089]]

 [[1.4705882  1.4705882  1.4705882 ]
  [1.4705882  1.4705882  1.4705882 ]
  [1.4705882  1.4705882  1.4705882 ]
  ...
  [1.         1.         1.        ]
  [1.         1.         1.        ]
  [0.92155725 0.92155725 0.92155725]]

 ...

 [[1.8666667  1.8666667  1.8666667 ]
  [1.8666667  1.8666667  1.8666667 ]
  [1.8666667  1.8666667  1.8666667 ]
  ...
  [2.1254902  2.1254902  2.1254902 ]
  [2.1254902  2.1254902  2.1254902 ]
  [0.16512562 0.16512562 0.16512562]]

 [[1.4352942  1.4352942  1.4352942 ]
  [1.4352942  1.4352942  1.4352942 ]
  [1.4352942  1.4352942  1.4352942 ]
  ...
  [1.4862745  1.4862745  1.4862745 ]
  [1.4862745  1.4862745  1.4862745 ]
  [1.2746986  1.2746986  1.2746986 ]]

 [[2.2156863  2.2156863  2.2156863 ]
  [2.2156863  2.2156863  2.2156863 ]
  [2.2156863  2.2156863  2.2156863 ]
  ...
  [1.5098039  1.5098039  1.5098039 ]
  [1.5098039  1.5098039  1.5098039 ]
  [0.22666608 0.22666608 0.22666608]]]
02:05:44 ->GaborDiscriminatr|变量变更 ―>

预测的直接返回值[[2.6317414e-06 9.9999738e-01 1.2500145e-19 0.0000000e+00 2.5075982e-20
  1.8621780e-16 1.8600580e-28 0.0000000e+00 5.3853463e-32 1.6828532e-21
  0.0000000e+00 0.0000000e+00 0.0000000e+00 2.4317664e-26 2.1011220e-29
  2.0281854e-18 0.0000000e+00 1.2870049e-28 0.0000000e+00 3.3157442e-30
  0.0000000e+00 1.3629741e-33 0.0000000e+00 2.1463588e-29]]
02:05:44 ->GaborDiscriminatr|变量变更 ―>

预测的处理返回值1
02:05:44 ->GaborFaceUI|变量变更 ―>

1
