01:53:55 ->GaborKenel|变量变更 ―>

[array([[ 0.00038417, -0.01056625, -0.00719473,  0.08152652, -0.00719473,
        -0.01056625,  0.00038417],
       [ 0.00071772, -0.01974036, -0.01344153,  0.1523116 , -0.01344153,
        -0.01974036,  0.00071772],
       [ 0.00104428, -0.02872206, -0.01955731,  0.22161205, -0.01955731,
        -0.02872206,  0.00104428],
       [ 0.00118333, -0.03254635, -0.02216134,  0.25111935, -0.02216134,
        -0.03254635,  0.00118333],
       [ 0.00104428, -0.02872206, -0.01955731,  0.22161205, -0.01955731,
        -0.02872206,  0.00104428],
       [ 0.00071772, -0.01974036, -0.01344153,  0.1523116 , -0.01344153,
        -0.01974036,  0.00071772],
       [ 0.00038417, -0.01056625, -0.00719473,  0.08152652, -0.00719473,
        -0.01056625,  0.00038417]], dtype=float32), array([[ 8.9764799e-06,  1.5114840e-04, -4.1572079e-03, -2.8307105e-03,
         3.2075953e-02, -2.8307105e-03, -4.1572079e-03,  1.5114840e-04,
         8.9764799e-06],
       [ 2.1533457e-05,  3.6258620e-04, -9.9726235e-03, -6.7905211e-03,
         7.6946214e-02, -6.7905211e-03, -9.9726235e-03,  3.6258620e-04,
         2.1533457e-05],
       [ 4.0229792e-05,  6.7740015e-04, -1.8631311e-02, -1.2686364e-02,
         1.4375445e-01, -1.2686364e-02, -1.8631311e-02,  6.7740015e-04,
         4.0229792e-05],
       [ 5.8534002e-05,  9.8561146e-04, -2.7108399e-02, -1.8458551e-02,
         2.0916149e-01, -1.8458551e-02, -2.7108399e-02,  9.8561146e-04,
         5.8534002e-05],
       [ 6.6327717e-05,  1.1168441e-03, -3.0717840e-02, -2.0916279e-02,
         2.3701103e-01, -2.0916279e-02, -3.0717840e-02,  1.1168441e-03,
         6.6327717e-05],
       [ 5.8534002e-05,  9.8561146e-04, -2.7108399e-02, -1.8458551e-02,
         2.0916149e-01, -1.8458551e-02, -2.7108399e-02,  9.8561146e-04,
         5.8534002e-05],
       [ 4.0229792e-05,  6.7740015e-04, -1.8631311e-02, -1.2686364e-02,
         1.4375445e-01, -1.2686364e-02, -1.8631311e-02,  6.7740015e-04,
         4.0229792e-05],
       [ 2.1533457e-05,  3.6258620e-04, -9.9726235e-03, -6.7905211e-03,
         7.6946214e-02, -6.7905211e-03, -9.9726235e-03,  3.6258620e-04,
         2.1533457e-05],
       [ 8.9764799e-06,  1.5114840e-04, -4.1572079e-03, -2.8307105e-03,
         3.2075953e-02, -2.8307105e-03, -4.1572079e-03,  1.5114840e-04,
         8.9764799e-06]], dtype=float32), array([[-2.5426353e-08,  2.8628995e-06,  4.8206279e-05, -1.3258724e-03,
        -9.0280810e-04,  1.0230093e-02, -9.0280810e-04, -1.3258724e-03,
         4.8206279e-05,  2.8628995e-06, -2.5426353e-08],
       [-7.8318678e-08,  8.8183506e-06,  1.4848578e-04, -4.0839748e-03,
        -2.7808447e-03,  3.1510904e-02, -2.7808447e-03, -4.0839748e-03,
         1.4848578e-04,  8.8183506e-06, -7.8318678e-08],
       [-1.8787674e-07,  2.1154125e-05,  3.5619890e-04, -9.7969454e-03,
        -6.6708992e-03,  7.5590730e-02, -6.6708992e-03, -9.7969454e-03,
         3.5619890e-04,  2.1154125e-05, -1.8787674e-07],
       [-3.5099998e-07,  3.9521106e-05,  6.6546712e-04, -1.8303104e-02,
        -1.2462881e-02,  1.4122207e-01, -1.2462881e-02, -1.8303104e-02,
         6.6546712e-04,  3.9521106e-05, -3.5099998e-07],
       [-5.1070191e-07,  5.7502868e-05,  9.6824899e-04, -2.6630860e-02,
        -1.8133385e-02,  2.0547691e-01, -1.8133385e-02, -2.6630860e-02,
         9.6824899e-04,  5.7502868e-05, -5.1070191e-07],
       [-5.7870113e-07,  6.5159293e-05,  1.0971698e-03, -3.0176716e-02,
        -2.0547818e-02,  2.3283584e-01, -2.0547818e-02, -3.0176716e-02,
         1.0971698e-03,  6.5159293e-05, -5.7870113e-07],
       [-5.1070191e-07,  5.7502868e-05,  9.6824899e-04, -2.6630860e-02,
        -1.8133385e-02,  2.0547691e-01, -1.8133385e-02, -2.6630860e-02,
         9.6824899e-04,  5.7502868e-05, -5.1070191e-07],
       [-3.5099998e-07,  3.9521106e-05,  6.6546712e-04, -1.8303104e-02,
        -1.2462881e-02,  1.4122207e-01, -1.2462881e-02, -1.8303104e-02,
         6.6546712e-04,  3.9521106e-05, -3.5099998e-07],
       [-1.8787674e-07,  2.1154125e-05,  3.5619890e-04, -9.7969454e-03,
        -6.6708992e-03,  7.5590730e-02, -6.6708992e-03, -9.7969454e-03,
         3.5619890e-04,  2.1154125e-05, -1.8787674e-07],
       [-7.8318678e-08,  8.8183506e-06,  1.4848578e-04, -4.0839748e-03,
        -2.7808447e-03,  3.1510904e-02, -2.7808447e-03, -4.0839748e-03,
         1.4848578e-04,  8.8183506e-06, -7.8318678e-08],
       [-2.5426353e-08,  2.8628995e-06,  4.8206279e-05, -1.3258724e-03,
        -9.0280810e-04,  1.0230093e-02, -9.0280810e-04, -1.3258724e-03,
         4.8206279e-05,  2.8628995e-06, -2.5426353e-08]], dtype=float32), array([[-2.51056190e-11, -6.40026832e-09,  7.20643072e-07,
         1.21343837e-05, -3.33745847e-04, -2.27252967e-04,
         2.57509761e-03, -2.27252967e-04, -3.33745847e-04,
         1.21343837e-05,  7.20643072e-07, -6.40026832e-09,
        -2.51056190e-11],
       [-9.92946558e-11, -2.53135539e-08,  2.85019860e-06,
         4.79924201e-05, -1.31999038e-03, -8.98802944e-04,
         1.01847090e-02, -8.98802944e-04, -1.31999038e-03,
         4.79924201e-05,  2.85019860e-06, -2.53135539e-08,
        -9.92946558e-11],
       [-3.05849068e-10, -7.79712366e-08,  8.77922957e-06,
         1.47827057e-04, -4.06585680e-03, -2.76850793e-03,
         3.13711129e-02, -2.76850793e-03, -4.06585680e-03,
         1.47827057e-04,  8.77922957e-06, -7.79712366e-08,
        -3.05849068e-10],
       [-7.33693772e-10, -1.87043256e-07,  2.10602775e-05,
         3.54618678e-04, -9.75348335e-03, -6.64130505e-03,
         7.52553865e-02, -6.64130505e-03, -9.75348335e-03,
         3.54618678e-04,  2.10602775e-05, -1.87043256e-07,
        -7.33693772e-10],
       [-1.37072043e-09, -3.49442843e-07,  3.93457776e-05,
         6.62514882e-04, -1.82219055e-02, -1.24075925e-02,
         1.40595570e-01, -1.24075925e-02, -1.82219055e-02,
         6.62514882e-04,  3.93457776e-05, -3.49442843e-07,
        -1.37072043e-09],
       [-1.99438643e-09, -5.08436301e-07,  5.72477657e-05,
         9.63953498e-04, -2.65127160e-02, -1.80529393e-02,
         2.04565346e-01, -1.80529393e-02, -2.65127160e-02,
         9.63953498e-04,  5.72477657e-05, -5.08436301e-07,
        -1.99438643e-09],
       [-2.25993579e-09, -5.76133800e-07,  6.48702189e-05,
         1.09230238e-03, -3.00428420e-02, -2.04566605e-02,
         2.31802911e-01, -2.04566605e-02, -3.00428420e-02,
         1.09230238e-03,  6.48702189e-05, -5.76133800e-07,
        -2.25993579e-09],
       [-1.99438643e-09, -5.08436301e-07,  5.72477657e-05,
         9.63953498e-04, -2.65127160e-02, -1.80529393e-02,
         2.04565346e-01, -1.80529393e-02, -2.65127160e-02,
         9.63953498e-04,  5.72477657e-05, -5.08436301e-07,
        -1.99438643e-09],
       [-1.37072043e-09, -3.49442843e-07,  3.93457776e-05,
         6.62514882e-04, -1.82219055e-02, -1.24075925e-02,
         1.40595570e-01, -1.24075925e-02, -1.82219055e-02,
         6.62514882e-04,  3.93457776e-05, -3.49442843e-07,
        -1.37072043e-09],
       [-7.33693772e-10, -1.87043256e-07,  2.10602775e-05,
         3.54618678e-04, -9.75348335e-03, -6.64130505e-03,
         7.52553865e-02, -6.64130505e-03, -9.75348335e-03,
         3.54618678e-04,  2.10602775e-05, -1.87043256e-07,
        -7.33693772e-10],
       [-3.05849068e-10, -7.79712366e-08,  8.77922957e-06,
         1.47827057e-04, -4.06585680e-03, -2.76850793e-03,
         3.13711129e-02, -2.76850793e-03, -4.06585680e-03,
         1.47827057e-04,  8.77922957e-06, -7.79712366e-08,
        -3.05849068e-10],
       [-9.92946558e-11, -2.53135539e-08,  2.85019860e-06,
         4.79924201e-05, -1.31999038e-03, -8.98802944e-04,
         1.01847090e-02, -8.98802944e-04, -1.31999038e-03,
         4.79924201e-05,  2.85019860e-06, -2.53135539e-08,
        -9.92946558e-11],
       [-2.51056190e-11, -6.40026832e-09,  7.20643072e-07,
         1.21343837e-05, -3.33745847e-04, -2.27252967e-04,
         2.57509761e-03, -2.27252967e-04, -3.33745847e-04,
         1.21343837e-05,  7.20643072e-07, -6.40026832e-09,
        -2.51056190e-11]], dtype=float32), array([[ 9.89765283e-15, -4.93927468e-12, -1.25918742e-09,
         1.41779168e-07,  2.38731627e-06, -6.56610864e-05,
        -4.47097009e-05,  5.06624230e-04, -4.47097009e-05,
        -6.56610864e-05,  2.38731627e-06,  1.41779168e-07,
        -1.25918742e-09, -4.93927468e-12,  9.89765283e-15],
       [ 5.02644293e-14, -2.50837059e-11, -6.39468167e-09,
         7.20014043e-07,  1.21237917e-05, -3.33454518e-04,
        -2.27054596e-04,  2.57284986e-03, -2.27054596e-04,
        -3.33454518e-04,  1.21237917e-05,  7.20014043e-07,
        -6.39468167e-09, -2.50837059e-11,  5.02644293e-14],
       [ 1.98799663e-13, -9.92079821e-11, -2.52914578e-08,
         2.84771068e-06,  4.79505288e-05, -1.31883821e-03,
        -8.98018421e-04,  1.01758195e-02, -8.98018421e-04,
        -1.31883821e-03,  4.79505288e-05,  2.84771068e-06,
        -2.52914578e-08, -9.92079821e-11,  1.98799663e-13],
       [ 6.12346111e-13, -3.05582087e-10, -7.79031737e-08,
         8.77156617e-06,  1.47698011e-04, -4.06230800e-03,
        -2.76609138e-03,  3.13437283e-02, -2.76609138e-03,
        -4.06230800e-03,  1.47698011e-04,  8.77156617e-06,
        -7.79031737e-08, -3.05582087e-10,  6.12346111e-13],
       [ 1.46894183e-12, -7.33053340e-10, -1.86879987e-07,
         2.10418948e-05,  3.54309130e-04, -9.74496920e-03,
        -6.63550803e-03,  7.51896948e-02, -6.63550803e-03,
        -9.74496920e-03,  3.54309130e-04,  2.10418948e-05,
        -1.86879987e-07, -7.33053340e-10,  1.46894183e-12],
       [ 2.74434468e-12, -1.36952394e-09, -3.49137821e-07,
         3.93114315e-05,  6.61936589e-04, -1.82059985e-02,
        -1.23967621e-02,  1.40472844e-01, -1.23967621e-02,
        -1.82059985e-02,  6.61936589e-04,  3.93114315e-05,
        -3.49137821e-07, -1.36952394e-09,  2.74434468e-12],
       [ 3.99299777e-12, -1.99264560e-09, -5.07992468e-07,
         5.71977980e-05,  9.63112107e-04, -2.64895726e-02,
        -1.80371813e-02,  2.04386786e-01, -1.80371813e-02,
        -2.64895726e-02,  9.63112107e-04,  5.71977980e-05,
        -5.07992468e-07, -1.99264560e-09,  3.99299777e-12],
       [ 4.52465973e-12, -2.25796315e-09, -5.75630906e-07,
         6.48135974e-05,  1.09134894e-03, -3.00166197e-02,
        -2.04388052e-02,  2.31600568e-01, -2.04388052e-02,
        -3.00166197e-02,  1.09134894e-03,  6.48135974e-05,
        -5.75630906e-07, -2.25796315e-09,  4.52465973e-12],
       [ 3.99299777e-12, -1.99264560e-09, -5.07992468e-07,
         5.71977980e-05,  9.63112107e-04, -2.64895726e-02,
        -1.80371813e-02,  2.04386786e-01, -1.80371813e-02,
        -2.64895726e-02,  9.63112107e-04,  5.71977980e-05,
        -5.07992468e-07, -1.99264560e-09,  3.99299777e-12],
       [ 2.74434468e-12, -1.36952394e-09, -3.49137821e-07,
         3.93114315e-05,  6.61936589e-04, -1.82059985e-02,
        -1.23967621e-02,  1.40472844e-01, -1.23967621e-02,
        -1.82059985e-02,  6.61936589e-04,  3.93114315e-05,
        -3.49137821e-07, -1.36952394e-09,  2.74434468e-12],
       [ 1.46894183e-12, -7.33053340e-10, -1.86879987e-07,
         2.10418948e-05,  3.54309130e-04, -9.74496920e-03,
        -6.63550803e-03,  7.51896948e-02, -6.63550803e-03,
        -9.74496920e-03,  3.54309130e-04,  2.10418948e-05,
        -1.86879987e-07, -7.33053340e-10,  1.46894183e-12],
       [ 6.12346111e-13, -3.05582087e-10, -7.79031737e-08,
         8.77156617e-06,  1.47698011e-04, -4.06230800e-03,
        -2.76609138e-03,  3.13437283e-02, -2.76609138e-03,
        -4.06230800e-03,  1.47698011e-04,  8.77156617e-06,
        -7.79031737e-08, -3.05582087e-10,  6.12346111e-13],
       [ 1.98799663e-13, -9.92079821e-11, -2.52914578e-08,
         2.84771068e-06,  4.79505288e-05, -1.31883821e-03,
        -8.98018421e-04,  1.01758195e-02, -8.98018421e-04,
        -1.31883821e-03,  4.79505288e-05,  2.84771068e-06,
        -2.52914578e-08, -9.92079821e-11,  1.98799663e-13],
       [ 5.02644293e-14, -2.50837059e-11, -6.39468167e-09,
         7.20014043e-07,  1.21237917e-05, -3.33454518e-04,
        -2.27054596e-04,  2.57284986e-03, -2.27054596e-04,
        -3.33454518e-04,  1.21237917e-05,  7.20014043e-07,
        -6.39468167e-09, -2.50837059e-11,  5.02644293e-14],
       [ 9.89765283e-15, -4.93927468e-12, -1.25918742e-09,
         1.41779168e-07,  2.38731627e-06, -6.56610864e-05,
        -4.47097009e-05,  5.06624230e-04, -4.47097009e-05,
        -6.56610864e-05,  2.38731627e-06,  1.41779168e-07,
        -1.25918742e-09, -4.93927468e-12,  9.89765283e-15]], dtype=float32), array([[ 3.8550512e-19,  1.5176512e-15, -7.5736097e-13, -1.9307685e-10,
         2.1739632e-08,  3.6605783e-07, -1.0068108e-05, -6.8555382e-06,
         7.7682947e-05, -6.8555382e-06, -1.0068108e-05,  3.6605783e-07,
         2.1739632e-08, -1.9307685e-10, -7.5736097e-13,  1.5176512e-15,
         3.8550512e-19],
       [ 2.5138091e-18,  9.8963289e-15, -4.9386142e-12, -1.2590191e-09,
         1.4176021e-07,  2.3869970e-06, -6.5652312e-05, -4.4703724e-05,
         5.0655648e-04, -4.4703724e-05, -6.5652312e-05,  2.3869970e-06,
         1.4176021e-07, -1.2590191e-09, -4.9386142e-12,  9.8963289e-15,
         2.5138091e-18],
       [ 1.2766176e-17,  5.0257707e-14, -2.5080351e-11, -6.3938268e-09,
         7.1991775e-07,  1.2122170e-05, -3.3340993e-04, -2.2702424e-04,
         2.5725060e-03, -2.2702424e-04, -3.3340993e-04,  1.2122170e-05,
         7.1991775e-07, -6.3938268e-09, -2.5080351e-11,  5.0257707e-14,
         1.2766176e-17],
       [ 5.0491204e-17,  1.9877309e-13, -9.9194715e-11, -2.5288076e-08,
         2.8473301e-06,  4.7944115e-05, -1.3186618e-03, -8.9789834e-04,
         1.0174459e-02, -8.9789834e-04, -1.3186618e-03,  4.7944115e-05,
         2.8473301e-06, -2.5288076e-08, -9.9194715e-11,  1.9877309e-13,
         5.0491204e-17],
       [ 1.5552387e-16,  6.1226420e-13, -3.0554123e-10, -7.7892757e-08,
         8.7703929e-06,  1.4767826e-04, -4.0617646e-03, -2.7657214e-03,
         3.1339537e-02, -2.7657214e-03, -4.0617646e-03,  1.4767826e-04,
         8.7703929e-06, -7.7892757e-08, -3.0554123e-10,  6.1226420e-13,
         1.5552387e-16],
       [ 3.7308236e-16,  1.4687455e-12, -7.3295531e-10, -1.8685500e-07,
         2.1039081e-05,  3.5426175e-04, -9.7436663e-03, -6.6346209e-03,
         7.5179644e-02, -6.6346209e-03, -9.7436663e-03,  3.5426175e-04,
         2.1039081e-05, -1.8685500e-07, -7.3295531e-10,  1.4687455e-12,
         3.7308236e-16],
       [ 6.9700960e-16,  2.7439778e-12, -1.3693408e-09, -3.4909112e-07,
         3.9306178e-05,  6.6184805e-04, -1.8203564e-02, -1.2395104e-02,
         1.4045407e-01, -1.2395104e-02, -1.8203564e-02,  6.6184805e-04,
         3.9306178e-05, -3.4909112e-07, -1.3693408e-09,  2.7439778e-12,
         6.9700960e-16],
       [ 1.0141430e-15,  3.9924639e-12, -1.9923792e-09, -5.0792454e-07,
         5.7190147e-05,  9.6298329e-04, -2.6486032e-02, -1.8034769e-02,
         2.0435946e-01, -1.8034769e-02, -2.6486032e-02,  9.6298329e-04,
         5.7190147e-05, -5.0792454e-07, -1.9923792e-09,  3.9924639e-12,
         1.0141430e-15],
       [ 1.1491746e-15,  4.5240547e-12, -2.2576614e-09, -5.7555394e-07,
         6.4804932e-05,  1.0912030e-03, -3.0012606e-02, -2.0436073e-02,
         2.3156960e-01, -2.0436073e-02, -3.0012606e-02,  1.0912030e-03,
         6.4804932e-05, -5.7555394e-07, -2.2576614e-09,  4.5240547e-12,
         1.1491746e-15],
       [ 1.0141430e-15,  3.9924639e-12, -1.9923792e-09, -5.0792454e-07,
         5.7190147e-05,  9.6298329e-04, -2.6486032e-02, -1.8034769e-02,
         2.0435946e-01, -1.8034769e-02, -2.6486032e-02,  9.6298329e-04,
         5.7190147e-05, -5.0792454e-07, -1.9923792e-09,  3.9924639e-12,
         1.0141430e-15],
       [ 6.9700960e-16,  2.7439778e-12, -1.3693408e-09, -3.4909112e-07,
         3.9306178e-05,  6.6184805e-04, -1.8203564e-02, -1.2395104e-02,
         1.4045407e-01, -1.2395104e-02, -1.8203564e-02,  6.6184805e-04,
         3.9306178e-05, -3.4909112e-07, -1.3693408e-09,  2.7439778e-12,
         6.9700960e-16],
       [ 3.7308236e-16,  1.4687455e-12, -7.3295531e-10, -1.8685500e-07,
         2.1039081e-05,  3.5426175e-04, -9.7436663e-03, -6.6346209e-03,
         7.5179644e-02, -6.6346209e-03, -9.7436663e-03,  3.5426175e-04,
         2.1039081e-05, -1.8685500e-07, -7.3295531e-10,  1.4687455e-12,
         3.7308236e-16],
       [ 1.5552387e-16,  6.1226420e-13, -3.0554123e-10, -7.7892757e-08,
         8.7703929e-06,  1.4767826e-04, -4.0617646e-03, -2.7657214e-03,
         3.1339537e-02, -2.7657214e-03, -4.0617646e-03,  1.4767826e-04,
         8.7703929e-06, -7.7892757e-08, -3.0554123e-10,  6.1226420e-13,
         1.5552387e-16],
       [ 5.0491204e-17,  1.9877309e-13, -9.9194715e-11, -2.5288076e-08,
         2.8473301e-06,  4.7944115e-05, -1.3186618e-03, -8.9789834e-04,
         1.0174459e-02, -8.9789834e-04, -1.3186618e-03,  4.7944115e-05,
         2.8473301e-06, -2.5288076e-08, -9.9194715e-11,  1.9877309e-13,
         5.0491204e-17],
       [ 1.2766176e-17,  5.0257707e-14, -2.5080351e-11, -6.3938268e-09,
         7.1991775e-07,  1.2122170e-05, -3.3340993e-04, -2.2702424e-04,
         2.5725060e-03, -2.2702424e-04, -3.3340993e-04,  1.2122170e-05,
         7.1991775e-07, -6.3938268e-09, -2.5080351e-11,  5.0257707e-14,
         1.2766176e-17],
       [ 2.5138091e-18,  9.8963289e-15, -4.9386142e-12, -1.2590191e-09,
         1.4176021e-07,  2.3869970e-06, -6.5652312e-05, -4.4703724e-05,
         5.0655648e-04, -4.4703724e-05, -6.5652312e-05,  2.3869970e-06,
         1.4176021e-07, -1.2590191e-09, -4.9386142e-12,  9.8963289e-15,
         2.5138091e-18],
       [ 3.8550512e-19,  1.5176512e-15, -7.5736097e-13, -1.9307685e-10,
         2.1739632e-08,  3.6605783e-07, -1.0068108e-05, -6.8555382e-06,
         7.7682947e-05, -6.8555382e-06, -1.0068108e-05,  3.6605783e-07,
         2.1739632e-08, -1.9307685e-10, -7.5736097e-13,  1.5176512e-15,
         3.8550512e-19]], dtype=float32), array([[-8.0645714e-06, -1.4522883e-04, -9.1882923e-04, -1.4589351e-03,
         3.3902281e-03,  1.0592120e-02,  8.4410328e-03],
       [-1.4522883e-04, -1.1798000e-03, -2.4053773e-03,  7.1771136e-03,
         2.8792368e-02,  2.9462101e-02,  1.0592120e-02],
       [-9.1882923e-04, -2.4053773e-03,  9.2155961e-03,  4.7470588e-02,
         6.2371269e-02,  2.8792368e-02,  3.3902281e-03],
       [-1.4589351e-03,  7.1771136e-03,  4.7470588e-02,  8.0086291e-02,
         4.7470588e-02,  7.1771136e-03, -1.4589351e-03],
       [ 3.3902281e-03,  2.8792368e-02,  6.2371269e-02,  4.7470588e-02,
         9.2155961e-03, -2.4053773e-03, -9.1882923e-04],
       [ 1.0592120e-02,  2.9462101e-02,  2.8792368e-02,  7.1771136e-03,
        -2.4053773e-03, -1.1798000e-03, -1.4522883e-04],
       [ 8.4410328e-03,  1.0592120e-02,  3.3902281e-03, -1.4589351e-03,
        -9.1882923e-04, -1.4522883e-04, -8.0645714e-06]], dtype=float32), array([[ 2.6015197e-09, -1.1394674e-07, -6.1695328e-06, -8.6526721e-05,
        -4.2634245e-04, -5.2721304e-04,  9.5412548e-04,  2.3215916e-03,
         1.4408703e-03],
       [-1.1394674e-07, -7.9218371e-06, -1.4265843e-04, -9.0256700e-04,
        -1.4331136e-03,  3.3302251e-03,  1.0404651e-02,  8.2916366e-03,
         2.3215916e-03],
       [-6.1695328e-06, -1.4265843e-04, -1.1589190e-03, -2.3628050e-03,
         7.0500867e-03,  2.8282775e-02,  2.8940655e-02,  1.0404651e-02,
         9.5412548e-04],
       [-8.6526721e-05, -9.0256700e-04, -2.3628050e-03,  9.0524899e-03,
         4.6630412e-02,  6.1267368e-02,  2.8282775e-02,  3.3302251e-03,
        -5.2721304e-04],
       [-4.2634245e-04, -1.4331136e-03,  7.0500867e-03,  4.6630412e-02,
         7.8668855e-02,  4.6630412e-02,  7.0500867e-03, -1.4331136e-03,
        -4.2634245e-04],
       [-5.2721304e-04,  3.3302251e-03,  2.8282775e-02,  6.1267368e-02,
         4.6630412e-02,  9.0524899e-03, -2.3628050e-03, -9.0256700e-04,
        -8.6526721e-05],
       [ 9.5412548e-04,  1.0404651e-02,  2.8940655e-02,  2.8282775e-02,
         7.0500867e-03, -2.3628050e-03, -1.1589190e-03, -1.4265843e-04,
        -6.1695328e-06],
       [ 2.3215916e-03,  8.2916366e-03,  1.0404651e-02,  3.3302251e-03,
        -1.4331136e-03, -9.0256700e-04, -1.4265843e-04, -7.9218371e-06,
        -1.1394674e-07],
       [ 1.4408703e-03,  2.3215916e-03,  9.5412548e-04, -5.2721304e-04,
        -4.2634245e-04, -8.6526721e-05, -6.1695328e-06, -1.1394674e-07,
         2.6015197e-09]], dtype=float32), array([[ 1.09049217e-12,  9.45518941e-11,  2.02265138e-09,
        -6.89957247e-08, -2.90937032e-06, -3.17777631e-05,
        -1.21943318e-04, -1.17438896e-04,  1.65522753e-04,
         3.13663768e-04,  1.51610700e-04],
       [ 9.45518941e-11,  2.59713584e-09, -1.13754730e-07,
        -6.15913632e-06, -8.63809109e-05, -4.25623992e-04,
        -5.26324613e-04,  9.52517672e-04,  2.31767935e-03,
         1.43844238e-03,  3.13663768e-04],
       [ 2.02265138e-09, -1.13754730e-07, -7.90848753e-06,
        -1.42418037e-04, -9.01046034e-04, -1.43069855e-03,
         3.32461321e-03,  1.03871180e-02,  8.27766396e-03,
         2.31767935e-03,  1.65522753e-04],
       [-6.89957247e-08, -6.15913632e-06, -1.42418037e-04,
        -1.15696597e-03, -2.35882332e-03,  7.03820633e-03,
         2.82351151e-02,  2.88918875e-02,  1.03871180e-02,
         9.52517672e-04, -1.17438896e-04],
       [-2.90937032e-06, -8.63809109e-05, -9.01046034e-04,
        -2.35882332e-03,  9.03723575e-03,  4.65518348e-02,
         6.11641221e-02,  2.82351151e-02,  3.32461321e-03,
        -5.26324613e-04, -1.21943318e-04],
       [-3.17777631e-05, -4.25623992e-04, -1.43069855e-03,
         7.03820633e-03,  4.65518348e-02,  7.85362870e-02,
         4.65518348e-02,  7.03820633e-03, -1.43069855e-03,
        -4.25623992e-04, -3.17777631e-05],
       [-1.21943318e-04, -5.26324613e-04,  3.32461321e-03,
         2.82351151e-02,  6.11641221e-02,  4.65518348e-02,
         9.03723575e-03, -2.35882332e-03, -9.01046034e-04,
        -8.63809109e-05, -2.90937032e-06],
       [-1.17438896e-04,  9.52517672e-04,  1.03871180e-02,
         2.88918875e-02,  2.82351151e-02,  7.03820633e-03,
        -2.35882332e-03, -1.15696597e-03, -1.42418037e-04,
        -6.15913632e-06, -6.89957247e-08],
       [ 1.65522753e-04,  2.31767935e-03,  8.27766396e-03,
         1.03871180e-02,  3.32461321e-03, -1.43069855e-03,
        -9.01046034e-04, -1.42418037e-04, -7.90848753e-06,
        -1.13754730e-07,  2.02265138e-09],
       [ 3.13663768e-04,  1.43844238e-03,  2.31767935e-03,
         9.52517672e-04, -5.26324613e-04, -4.25623992e-04,
        -8.63809109e-05, -6.15913632e-06, -1.13754730e-07,
         2.59713584e-09,  9.45518941e-11],
       [ 1.51610700e-04,  3.13663768e-04,  1.65522753e-04,
        -1.17438896e-04, -1.21943318e-04, -3.17777631e-05,
        -2.90937032e-06, -6.89957247e-08,  2.02265138e-09,
         9.45518941e-11,  1.09049217e-12]], dtype=float32), array([[ 6.0407098e-18,  4.4178405e-15,  8.4926082e-13,  5.7347588e-11,
         9.5541564e-10, -2.5381651e-08, -8.3353348e-07, -7.0904489e-06,
        -2.1190188e-05, -1.5893338e-05,  1.7445655e-05,  2.5746625e-05,
         9.6919730e-06],
       [ 4.4178405e-15,  1.0904724e-12,  9.4550187e-11,  2.0226150e-09,
        -6.8994481e-08, -2.9093178e-06, -3.1777188e-05, -1.2194112e-04,
        -1.1743677e-04,  1.6551977e-04,  3.1365812e-04,  1.5160796e-04,
         2.5746625e-05],
       [ 8.4926082e-13,  9.4550187e-11,  2.5970890e-09, -1.1375268e-07,
        -6.1590254e-06, -8.6379354e-05, -4.2561631e-04, -5.2631513e-04,
         9.5250050e-04,  2.3176374e-03,  1.4384164e-03,  3.1365812e-04,
         1.7445655e-05],
       [ 5.7347588e-11,  2.0226150e-09, -1.1375268e-07, -7.9083447e-06,
        -1.4241548e-04, -9.0102979e-04, -1.4306727e-03,  3.3245531e-03,
         1.0386931e-02,  8.2775140e-03,  2.3176374e-03,  1.6551977e-04,
        -1.5893338e-05],
       [ 9.5541564e-10, -6.8994481e-08, -6.1590254e-06, -1.4241548e-04,
        -1.1569451e-03, -2.3587807e-03,  7.0380792e-03,  2.8234605e-02,
         2.8891366e-02,  1.0386931e-02,  9.5250050e-04, -1.1743677e-04,
        -2.1190188e-05],
       [-2.5381651e-08, -2.9093178e-06, -8.6379354e-05, -9.0102979e-04,
        -2.3587807e-03,  9.0370728e-03,  4.6550993e-02,  6.1163019e-02,
         2.8234605e-02,  3.3245531e-03, -5.2631513e-04, -1.2194112e-04,
        -7.0904489e-06],
       [-8.3353348e-07, -3.1777188e-05, -4.2561631e-04, -1.4306727e-03,
         7.0380792e-03,  4.6550993e-02,  7.8534871e-02,  4.6550993e-02,
         7.0380792e-03, -1.4306727e-03, -4.2561631e-04, -3.1777188e-05,
        -8.3353348e-07],
       [-7.0904489e-06, -1.2194112e-04, -5.2631513e-04,  3.3245531e-03,
         2.8234605e-02,  6.1163019e-02,  4.6550993e-02,  9.0370728e-03,
        -2.3587807e-03, -9.0102979e-04, -8.6379354e-05, -2.9093178e-06,
        -2.5381651e-08],
       [-2.1190188e-05, -1.1743677e-04,  9.5250050e-04,  1.0386931e-02,
         2.8891366e-02,  2.8234605e-02,  7.0380792e-03, -2.3587807e-03,
        -1.1569451e-03, -1.4241548e-04, -6.1590254e-06, -6.8994481e-08,
         9.5541564e-10],
       [-1.5893338e-05,  1.6551977e-04,  2.3176374e-03,  8.2775140e-03,
         1.0386931e-02,  3.3245531e-03, -1.4306727e-03, -9.0102979e-04,
        -1.4241548e-04, -7.9083447e-06, -1.1375268e-07,  2.0226150e-09,
         5.7347588e-11],
       [ 1.7445655e-05,  3.1365812e-04,  1.4384164e-03,  2.3176374e-03,
         9.5250050e-04, -5.2631513e-04, -4.2561631e-04, -8.6379354e-05,
        -6.1590254e-06, -1.1375268e-07,  2.5970890e-09,  9.4550187e-11,
         8.4926082e-13],
       [ 2.5746625e-05,  1.5160796e-04,  3.1365812e-04,  1.6551977e-04,
        -1.1743677e-04, -1.2194112e-04, -3.1777188e-05, -2.9093178e-06,
        -6.8994481e-08,  2.0226150e-09,  9.4550187e-11,  1.0904724e-12,
         4.4178405e-15],
       [ 9.6919730e-06,  2.5746625e-05,  1.7445655e-05, -1.5893338e-05,
        -2.1190188e-05, -7.0904489e-06, -8.3353348e-07, -2.5381651e-08,
         9.5541564e-10,  5.7347588e-11,  8.4926082e-13,  4.4178405e-15,
         6.0407098e-18]], dtype=float32), array([[-3.26254064e-23, -9.39348404e-21,  4.70456781e-18,
         2.67958873e-15,  4.01167381e-13,  2.10972611e-11,
         2.73734563e-10, -5.66348213e-09, -1.44848187e-07,
        -9.59599788e-07, -2.23345705e-06, -1.30462092e-06,
         1.11527720e-06,  1.28186491e-06,  3.75803211e-07],
       [-9.39348404e-21,  6.04078421e-18,  4.41789515e-15,
         8.49271337e-13,  5.73482963e-11,  9.55427515e-10,
        -2.53819650e-08, -8.33543766e-07, -7.09053666e-06,
        -2.11904498e-05, -1.58935345e-05,  1.74458692e-05,
         2.57469437e-05,  9.69209304e-06,  1.28186491e-06],
       [ 4.70456781e-18,  4.41789515e-15,  1.09048599e-12,
         9.45513529e-11,  2.02264006e-09, -6.89953339e-08,
        -2.90935373e-06, -3.17775812e-05, -1.21942627e-04,
        -1.17438227e-04,  1.65521808e-04,  3.13661993e-04,
         1.51609842e-04,  2.57469437e-05,  1.11527720e-06],
       [ 2.67958873e-15,  8.49271337e-13,  9.45513529e-11,
         2.59712096e-09, -1.13754076e-07, -6.15910130e-06,
        -8.63804162e-05, -4.25621576e-04, -5.26321644e-04,
         9.52512259e-04,  2.31766608e-03,  1.43843412e-03,
         3.13661993e-04,  1.74458692e-05, -1.30462092e-06],
       [ 4.01167381e-13,  5.73482963e-11,  2.02264006e-09,
        -1.13754076e-07, -7.90844297e-06, -1.42417237e-04,
        -9.01040912e-04, -1.43069040e-03,  3.32459435e-03,
         1.03870584e-02,  8.27761646e-03,  2.31766608e-03,
         1.65521808e-04, -1.58935345e-05, -2.23345705e-06],
       [ 2.10972611e-11,  9.55427515e-10, -6.89953339e-08,
        -6.15910130e-06, -1.42417237e-04, -1.15695945e-03,
        -2.35880981e-03,  7.03816628e-03,  2.82349549e-02,
         2.88917217e-02,  1.03870584e-02,  9.52512259e-04,
        -1.17438227e-04, -2.11904498e-05, -9.59599788e-07],
       [ 2.73734563e-10, -2.53819650e-08, -2.90935373e-06,
        -8.63804162e-05, -9.01040912e-04, -2.35880981e-03,
         9.03718453e-03,  4.65515703e-02,  6.11637756e-02,
         2.82349549e-02,  3.32459435e-03, -5.26321644e-04,
        -1.21942627e-04, -7.09053666e-06, -1.44848187e-07],
       [-5.66348213e-09, -8.33543766e-07, -3.17775812e-05,
        -4.25621576e-04, -1.43069040e-03,  7.03816628e-03,
         4.65515703e-02,  7.85358399e-02,  4.65515703e-02,
         7.03816628e-03, -1.43069040e-03, -4.25621576e-04,
        -3.17775812e-05, -8.33543766e-07, -5.66348213e-09],
       [-1.44848187e-07, -7.09053666e-06, -1.21942627e-04,
        -5.26321644e-04,  3.32459435e-03,  2.82349549e-02,
         6.11637756e-02,  4.65515703e-02,  9.03718453e-03,
        -2.35880981e-03, -9.01040912e-04, -8.63804162e-05,
        -2.90935373e-06, -2.53819650e-08,  2.73734563e-10],
       [-9.59599788e-07, -2.11904498e-05, -1.17438227e-04,
         9.52512259e-04,  1.03870584e-02,  2.88917217e-02,
         2.82349549e-02,  7.03816628e-03, -2.35880981e-03,
        -1.15695945e-03, -1.42417237e-04, -6.15910130e-06,
        -6.89953339e-08,  9.55427515e-10,  2.10972611e-11],
       [-2.23345705e-06, -1.58935345e-05,  1.65521808e-04,
         2.31766608e-03,  8.27761646e-03,  1.03870584e-02,
         3.32459435e-03, -1.43069040e-03, -9.01040912e-04,
        -1.42417237e-04, -7.90844297e-06, -1.13754076e-07,
         2.02264006e-09,  5.73482963e-11,  4.01167381e-13],
       [-1.30462092e-06,  1.74458692e-05,  3.13661993e-04,
         1.43843412e-03,  2.31766608e-03,  9.52512259e-04,
        -5.26321644e-04, -4.25621576e-04, -8.63804162e-05,
        -6.15910130e-06, -1.13754076e-07,  2.59712096e-09,
         9.45513529e-11,  8.49271337e-13,  2.67958873e-15],
       [ 1.11527720e-06,  2.57469437e-05,  1.51609842e-04,
         3.13661993e-04,  1.65521808e-04, -1.17438227e-04,
        -1.21942627e-04, -3.17775812e-05, -2.90935373e-06,
        -6.89953339e-08,  2.02264006e-09,  9.45513529e-11,
         1.09048599e-12,  4.41789515e-15,  4.70456781e-18],
       [ 1.28186491e-06,  9.69209304e-06,  2.57469437e-05,
         1.74458692e-05, -1.58935345e-05, -2.11904498e-05,
        -7.09053666e-06, -8.33543766e-07, -2.53819650e-08,
         9.55427515e-10,  5.73482963e-11,  8.49271337e-13,
         4.41789515e-15,  6.04078421e-18, -9.39348404e-21],
       [ 3.75803211e-07,  1.28186491e-06,  1.11527720e-06,
        -1.30462092e-06, -2.23345705e-06, -9.59599788e-07,
        -1.44848187e-07, -5.66348213e-09,  2.73734563e-10,
         2.10972611e-11,  4.01167381e-13,  2.67958873e-15,
         4.70456781e-18, -9.39348404e-21, -3.26254064e-23]], dtype=float32), array([[-1.0420358e-29, -2.7457909e-26, -2.5408725e-23, -5.6974436e-21,
         2.2222832e-18,  9.8576699e-16,  1.1493653e-13,  4.7074410e-12,
         4.7567998e-11, -7.6646994e-10, -1.5266908e-08, -7.8768849e-08,
        -1.4278032e-07, -6.4953333e-08,  4.3244047e-08,  3.8709018e-08,
         8.8380565e-09],
       [-2.7457909e-26, -3.2625451e-23, -9.3934962e-21,  4.7045740e-18,
         2.6795923e-15,  4.0116792e-13,  2.1097289e-11,  2.7373492e-10,
        -5.6634897e-09, -1.4484839e-07, -9.5960104e-07, -2.2334600e-06,
        -1.3046226e-06,  1.1152787e-06,  1.2818667e-06,  3.7580372e-07,
         3.8709018e-08],
       [-2.5408725e-23, -9.3934962e-21,  6.0407925e-18,  4.4179011e-15,
         8.4927248e-13,  5.7348376e-11,  9.5542874e-10, -2.5381999e-08,
        -8.3354485e-07, -7.0905462e-06, -2.1190479e-05, -1.5893556e-05,
         1.7445893e-05,  2.5746978e-05,  9.6921058e-06,  1.2818667e-06,
         4.3244047e-08],
       [-5.6974436e-21,  4.7045740e-18,  4.4179011e-15,  1.0904874e-12,
         9.4551485e-11,  2.0226427e-09, -6.8995426e-08, -2.9093576e-06,
        -3.1777625e-05, -1.2194279e-04, -1.1743839e-04,  1.6552203e-04,
         3.1366243e-04,  1.5161005e-04,  2.5746978e-05,  1.1152787e-06,
        -6.4953333e-08],
       [ 2.2222832e-18,  2.6795923e-15,  8.4927248e-13,  9.4551485e-11,
         2.5971245e-09, -1.1375423e-07, -6.1591095e-06, -8.6380533e-05,
        -4.2562213e-04, -5.2632234e-04,  9.5251354e-04,  2.3176693e-03,
         1.4384361e-03,  3.1366243e-04,  1.7445893e-05, -1.3046226e-06,
        -1.4278032e-07],
       [ 9.8576699e-16,  4.0116792e-13,  5.7348376e-11,  2.0226427e-09,
        -1.1375423e-07, -7.9084539e-06, -1.4241743e-04, -9.0104213e-04,
        -1.4306924e-03,  3.3245988e-03,  1.0387072e-02,  8.2776276e-03,
         2.3176693e-03,  1.6552203e-04, -1.5893556e-05, -2.2334600e-06,
        -7.8768849e-08],
       [ 1.1493653e-13,  2.1097289e-11,  9.5542874e-10, -6.8995426e-08,
        -6.1591095e-06, -1.4241743e-04, -1.1569610e-03, -2.3588131e-03,
         7.0381756e-03,  2.8234992e-02,  2.8891761e-02,  1.0387072e-02,
         9.5251354e-04, -1.1743839e-04, -2.1190479e-05, -9.5960104e-07,
        -1.5266908e-08],
       [ 4.7074410e-12,  2.7373492e-10, -2.5381999e-08, -2.9093576e-06,
        -8.6380533e-05, -9.0104213e-04, -2.3588131e-03,  9.0371966e-03,
         4.6551630e-02,  6.1163858e-02,  2.8234992e-02,  3.3245988e-03,
        -5.2632234e-04, -1.2194279e-04, -7.0905462e-06, -1.4484839e-07,
        -7.6646994e-10],
       [ 4.7567998e-11, -5.6634897e-09, -8.3354485e-07, -3.1777625e-05,
        -4.2562213e-04, -1.4306924e-03,  7.0381756e-03,  4.6551630e-02,
         7.8535944e-02,  4.6551630e-02,  7.0381756e-03, -1.4306924e-03,
        -4.2562213e-04, -3.1777625e-05, -8.3354485e-07, -5.6634897e-09,
         4.7567998e-11],
       [-7.6646994e-10, -1.4484839e-07, -7.0905462e-06, -1.2194279e-04,
        -5.2632234e-04,  3.3245988e-03,  2.8234992e-02,  6.1163858e-02,
         4.6551630e-02,  9.0371966e-03, -2.3588131e-03, -9.0104213e-04,
        -8.6380533e-05, -2.9093576e-06, -2.5381999e-08,  2.7373492e-10,
         4.7074410e-12],
       [-1.5266908e-08, -9.5960104e-07, -2.1190479e-05, -1.1743839e-04,
         9.5251354e-04,  1.0387072e-02,  2.8891761e-02,  2.8234992e-02,
         7.0381756e-03, -2.3588131e-03, -1.1569610e-03, -1.4241743e-04,
        -6.1591095e-06, -6.8995426e-08,  9.5542874e-10,  2.1097289e-11,
         1.1493653e-13],
       [-7.8768849e-08, -2.2334600e-06, -1.5893556e-05,  1.6552203e-04,
         2.3176693e-03,  8.2776276e-03,  1.0387072e-02,  3.3245988e-03,
        -1.4306924e-03, -9.0104213e-04, -1.4241743e-04, -7.9084539e-06,
        -1.1375423e-07,  2.0226427e-09,  5.7348376e-11,  4.0116792e-13,
         9.8576699e-16],
       [-1.4278032e-07, -1.3046226e-06,  1.7445893e-05,  3.1366243e-04,
         1.4384361e-03,  2.3176693e-03,  9.5251354e-04, -5.2632234e-04,
        -4.2562213e-04, -8.6380533e-05, -6.1591095e-06, -1.1375423e-07,
         2.5971245e-09,  9.4551485e-11,  8.4927248e-13,  2.6795923e-15,
         2.2222832e-18],
       [-6.4953333e-08,  1.1152787e-06,  2.5746978e-05,  1.5161005e-04,
         3.1366243e-04,  1.6552203e-04, -1.1743839e-04, -1.2194279e-04,
        -3.1777625e-05, -2.9093576e-06, -6.8995426e-08,  2.0226427e-09,
         9.4551485e-11,  1.0904874e-12,  4.4179011e-15,  4.7045740e-18,
        -5.6974436e-21],
       [ 4.3244047e-08,  1.2818667e-06,  9.6921058e-06,  2.5746978e-05,
         1.7445893e-05, -1.5893556e-05, -2.1190479e-05, -7.0905462e-06,
        -8.3354485e-07, -2.5381999e-08,  9.5542874e-10,  5.7348376e-11,
         8.4927248e-13,  4.4179011e-15,  6.0407925e-18, -9.3934962e-21,
        -2.5408725e-23],
       [ 3.8709018e-08,  3.7580372e-07,  1.2818667e-06,  1.1152787e-06,
        -1.3046226e-06, -2.2334600e-06, -9.5960104e-07, -1.4484839e-07,
        -5.6634897e-09,  2.7373492e-10,  2.1097289e-11,  4.0116792e-13,
         2.6795923e-15,  4.7045740e-18, -9.3934962e-21, -3.2625451e-23,
        -2.7457909e-26],
       [ 8.8380565e-09,  3.8709018e-08,  4.3244047e-08, -6.4953333e-08,
        -1.4278032e-07, -7.8768849e-08, -1.5266908e-08, -7.6646994e-10,
         4.7567998e-11,  4.7074410e-12,  1.1493653e-13,  9.8576699e-16,
         2.2222832e-18, -5.6974436e-21, -2.5408725e-23, -2.7457909e-26,
        -1.0420358e-29]], dtype=float32), array([[ 0.00038417,  0.00071772,  0.00104428,  0.00118333,  0.00104428,
         0.00071772,  0.00038417],
       [-0.01056625, -0.01974036, -0.02872206, -0.03254635, -0.02872206,
        -0.01974036, -0.01056625],
       [-0.00719473, -0.01344153, -0.01955731, -0.02216134, -0.01955731,
        -0.01344153, -0.00719473],
       [ 0.08152652,  0.1523116 ,  0.22161205,  0.25111935,  0.22161205,
         0.1523116 ,  0.08152652],
       [-0.00719473, -0.01344153, -0.01955731, -0.02216134, -0.01955731,
        -0.01344153, -0.00719473],
       [-0.01056625, -0.01974036, -0.02872206, -0.03254635, -0.02872206,
        -0.01974036, -0.01056625],
       [ 0.00038417,  0.00071772,  0.00104428,  0.00118333,  0.00104428,
         0.00071772,  0.00038417]], dtype=float32), array([[ 8.9764799e-06,  2.1533457e-05,  4.0229792e-05,  5.8534002e-05,
         6.6327717e-05,  5.8534002e-05,  4.0229792e-05,  2.1533457e-05,
         8.9764799e-06],
       [ 1.5114840e-04,  3.6258620e-04,  6.7740015e-04,  9.8561146e-04,
         1.1168441e-03,  9.8561146e-04,  6.7740015e-04,  3.6258620e-04,
         1.5114840e-04],
       [-4.1572079e-03, -9.9726235e-03, -1.8631311e-02, -2.7108399e-02,
        -3.0717840e-02, -2.7108399e-02, -1.8631311e-02, -9.9726235e-03,
        -4.1572079e-03],
       [-2.8307105e-03, -6.7905211e-03, -1.2686364e-02, -1.8458551e-02,
        -2.0916279e-02, -1.8458551e-02, -1.2686364e-02, -6.7905211e-03,
        -2.8307105e-03],
       [ 3.2075953e-02,  7.6946214e-02,  1.4375445e-01,  2.0916149e-01,
         2.3701103e-01,  2.0916149e-01,  1.4375445e-01,  7.6946214e-02,
         3.2075953e-02],
       [-2.8307105e-03, -6.7905211e-03, -1.2686364e-02, -1.8458551e-02,
        -2.0916279e-02, -1.8458551e-02, -1.2686364e-02, -6.7905211e-03,
        -2.8307105e-03],
       [-4.1572079e-03, -9.9726235e-03, -1.8631311e-02, -2.7108399e-02,
        -3.0717840e-02, -2.7108399e-02, -1.8631311e-02, -9.9726235e-03,
        -4.1572079e-03],
       [ 1.5114840e-04,  3.6258620e-04,  6.7740015e-04,  9.8561146e-04,
         1.1168441e-03,  9.8561146e-04,  6.7740015e-04,  3.6258620e-04,
         1.5114840e-04],
       [ 8.9764799e-06,  2.1533457e-05,  4.0229792e-05,  5.8534002e-05,
         6.6327717e-05,  5.8534002e-05,  4.0229792e-05,  2.1533457e-05,
         8.9764799e-06]], dtype=float32), array([[-2.5426353e-08, -7.8318678e-08, -1.8787674e-07, -3.5099998e-07,
        -5.1070191e-07, -5.7870113e-07, -5.1070191e-07, -3.5099998e-07,
        -1.8787674e-07, -7.8318678e-08, -2.5426353e-08],
       [ 2.8628995e-06,  8.8183506e-06,  2.1154125e-05,  3.9521106e-05,
         5.7502868e-05,  6.5159293e-05,  5.7502868e-05,  3.9521106e-05,
         2.1154125e-05,  8.8183506e-06,  2.8628995e-06],
       [ 4.8206279e-05,  1.4848578e-04,  3.5619890e-04,  6.6546712e-04,
         9.6824899e-04,  1.0971698e-03,  9.6824899e-04,  6.6546712e-04,
         3.5619890e-04,  1.4848578e-04,  4.8206279e-05],
       [-1.3258724e-03, -4.0839748e-03, -9.7969454e-03, -1.8303104e-02,
        -2.6630860e-02, -3.0176716e-02, -2.6630860e-02, -1.8303104e-02,
        -9.7969454e-03, -4.0839748e-03, -1.3258724e-03],
       [-9.0280810e-04, -2.7808447e-03, -6.6708992e-03, -1.2462881e-02,
        -1.8133385e-02, -2.0547818e-02, -1.8133385e-02, -1.2462881e-02,
        -6.6708992e-03, -2.7808447e-03, -9.0280810e-04],
       [ 1.0230093e-02,  3.1510904e-02,  7.5590730e-02,  1.4122207e-01,
         2.0547691e-01,  2.3283584e-01,  2.0547691e-01,  1.4122207e-01,
         7.5590730e-02,  3.1510904e-02,  1.0230093e-02],
       [-9.0280810e-04, -2.7808447e-03, -6.6708992e-03, -1.2462881e-02,
        -1.8133385e-02, -2.0547818e-02, -1.8133385e-02, -1.2462881e-02,
        -6.6708992e-03, -2.7808447e-03, -9.0280810e-04],
       [-1.3258724e-03, -4.0839748e-03, -9.7969454e-03, -1.8303104e-02,
        -2.6630860e-02, -3.0176716e-02, -2.6630860e-02, -1.8303104e-02,
        -9.7969454e-03, -4.0839748e-03, -1.3258724e-03],
       [ 4.8206279e-05,  1.4848578e-04,  3.5619890e-04,  6.6546712e-04,
         9.6824899e-04,  1.0971698e-03,  9.6824899e-04,  6.6546712e-04,
         3.5619890e-04,  1.4848578e-04,  4.8206279e-05],
       [ 2.8628995e-06,  8.8183506e-06,  2.1154125e-05,  3.9521106e-05,
         5.7502868e-05,  6.5159293e-05,  5.7502868e-05,  3.9521106e-05,
         2.1154125e-05,  8.8183506e-06,  2.8628995e-06],
